cluster_id,first_time_utc,last_time_utc,event_count,distinct_mmsi,origin_center_lat,origin_center_lon,dest_center_lat,dest_center_lon
1,2025-12-28T03:48:32.562917+00:00,2025-12-31T00:45:14.007037+00:00,1068,1,48.387689,-4.498471,59.441749,24.767481
2,2025-12-28T03:49:05.532088+00:00,2025-12-28T03:50:30.065380+00:00,2,1,37.941003,23.624413,36.641168,27.869627
3,2025-12-28T03:53:36.597354+00:00,2025-12-28T03:54:56.375686+00:00,2,1,47.136268,-2.423179,47.112083,-2.725443
4,2025-12-28T03:57:19.089780+00:00,2025-12-30T17:50:24.596720+00:00,12,4,44.480262,37.681347,44.625747,37.804041
5,2025-12-28T03:58:02.129721+00:00,2025-12-28T07:40:07.430373+00:00,3,1,37.941003,23.624413,36.629913,27.154022
6,2025-12-28T04:00:49.318963+00:00,2025-12-28T04:03:56.303284+00:00,2,1,47.135930,-2.422786,50.463163,-6.123837
7,2025-12-28T04:00:58.566946+00:00,2025-12-28T04:02:32.272342+00:00,2,1,51.342177,3.212826,51.486433,1.199860
8,2025-12-28T04:03:28.188929+00:00,2025-12-30T18:30:00.109169+00:00,3,3,45.075477,37.943952,44.261796,37.848226
9,2025-12-28T04:05:03.636421+00:00,2025-12-30T18:12:41.621954+00:00,55,11,44.620654,37.751687,44.260574,37.847835
10,2025-12-28T04:08:04.455401+00:00,2025-12-28T04:09:44.699702+00:00,2,1,51.281857,4.380698,55.401675,14.557517
11,2025-12-28T04:10:20.353581+00:00,2025-12-30T17:30:44.741421+00:00,5,3,44.504503,37.606346,44.704665,37.848766
12,2025-12-28T04:10:51.611701+00:00,2025-12-30T18:29:34.897335+00:00,11,1,37.940826,23.624334,36.447135,28.237002
13,2025-12-28T04:14:23.264828+00:00,2025-12-30T11:02:20.043886+00:00,4,1,37.941003,23.624414,36.933718,27.043027
14,2025-12-28T04:21:05.730731+00:00,2025-12-28T04:21:48.033779+00:00,2,1,47.136108,-2.422974,50.739563,-7.510657
15,2025-12-28T04:26:11.556658+00:00,2025-12-28T04:26:32.032140+00:00,2,1,51.342177,3.212821,51.476490,1.417533
16,2025-12-28T04:30:07.912335+00:00,2025-12-28T04:31:30.838316+00:00,2,1,37.941003,23.624422,37.551688,24.112093
17,2025-12-28T04:33:31.631336+00:00,2025-12-28T04:37:01.389797+00:00,2,1,37.803878,23.667970,36.925620,27.070718
18,2025-12-28T04:37:21.881313+00:00,2025-12-30T18:09:01.652655+00:00,35,8,44.599691,37.808377,44.503305,37.604832
19,2025-12-28T04:37:36.752422+00:00,2025-12-28T04:38:46.539721+00:00,2,1,59.420850,5.248283,58.383167,-0.713883
20,2025-12-28T04:39:08.257987+00:00,2025-12-30T18:35:35.404664+00:00,14,1,37.921414,23.630643,36.624637,27.845831
21,2025-12-28T04:44:25.766305+00:00,2025-12-30T14:06:29.537194+00:00,9,1,37.941003,23.624417,36.417977,27.388338
22,2025-12-28T05:00:15.638207+00:00,2025-12-28T05:01:38.570012+00:00,2,1,35.930283,14.645617,34.283067,28.453750
23,2025-12-28T05:03:23.340026+00:00,2025-12-28T05:10:31.696476+00:00,2,1,37.941003,23.624413,36.300013,28.875358
24,2025-12-28T05:05:17.360944+00:00,2025-12-28T05:06:12.592796+00:00,2,1,54.367377,10.132751,53.541840,9.903190
25,2025-12-28T05:05:41.679033+00:00,2025-12-30T22:44:36.738318+00:00,8,2,54.876527,11.017117,54.934903,10.834014
26,2025-12-28T05:14:48.577976+00:00,2025-12-28T05:15:55.054753+00:00,2,1,34.709710,33.324872,24.048133,37.722600
27,2025-12-28T05:22:02.293705+00:00,2025-12-30T10:40:10.631052+00:00,3,1,37.941003,23.624413,37.291516,26.753488
28,2025-12-28T05:22:29.530560+00:00,2025-12-28T05:24:37.440422+00:00,2,1,29.845930,-93.968477,24.278617,-87.358035
29,2025-12-28T05:24:50.914446+00:00,2025-12-28T12:31:58.195608+00:00,4,1,58.199042,11.241363,53.412433,14.590317
30,2025-12-28T05:25:11.980696+00:00,2025-12-30T13:57:50.060192+00:00,4,1,47.119375,-2.429393,51.833683,-8.326775
31,2025-12-28T05:29:46.310258+00:00,2025-12-28T09:49:01.099601+00:00,9,1,37.941005,23.624414,36.949081,26.990105
32,2025-12-28T05:36:28.885516+00:00,2025-12-28T05:37:00.794540+00:00,2,1,43.238267,-79.275878,42.167872,-83.134440
33,2025-12-28T05:39:30.756378+00:00,2025-12-28T15:37:30.442113+00:00,3,1,51.905964,4.340037,51.893814,4.416667
34,2025-12-28T05:41:30.390817+00:00,2025-12-28T05:44:47.940310+00:00,2,1,51.274433,3.844650,55.226933,3.462733
35,2025-12-28T05:41:35.374488+00:00,2025-12-28T05:46:25.613386+00:00,2,1,53.345723,-6.218361,53.497242,-4.989358
36,2025-12-28T05:41:44.870705+00:00,2025-12-28T05:42:44.822692+00:00,2,1,52.411563,4.853203,-59.436552,-106.994908
37,2025-12-28T05:46:42.872605+00:00,2025-12-30T11:33:40.333534+00:00,6,1,37.941006,23.624419,37.294454,26.762607
38,2025-12-28T05:47:59.503500+00:00,2025-12-28T05:53:31.980043+00:00,2,1,37.283202,26.510233,36.899148,27.362913
39,2025-12-28T05:49:07.346298+00:00,2025-12-28T05:49:21.706155+00:00,2,1,55.651525,21.158683,54.338100,13.953582
40,2025-12-28T05:49:34.799641+00:00,2025-12-30T08:09:17.121159+00:00,6,1,53.345728,-6.218355,54.032016,-2.934486
41,2025-12-28T05:53:36.471202+00:00,2025-12-30T10:43:26.683711+00:00,5,1,37.238835,26.705189,37.941007,23.624414
42,2025-12-28T05:58:44.290467+00:00,2025-12-28T06:00:44.383621+00:00,2,1,51.281859,4.380695,55.083432,14.081307
43,2025-12-28T06:03:12.872810+00:00,2025-12-28T06:04:12.587761+00:00,2,1,51.043919,1.642969,51.198755,1.796062
44,2025-12-28T06:06:19.254879+00:00,2025-12-28T06:07:14.187868+00:00,2,1,51.169917,3.796683,51.090817,1.765350
45,2025-12-28T06:06:29.175428+00:00,2025-12-28T06:07:02.482961+00:00,2,1,54.401573,10.204942,54.307732,9.711403
46,2025-12-28T06:09:15.622554+00:00,2025-12-28T06:11:48.899359+00:00,2,1,51.274433,3.844650,57.967667,-5.918133
47,2025-12-28T06:14:06.541708+00:00,2025-12-28T06:14:59.339287+00:00,2,1,51.955808,4.003875,57.642833,11.434650
48,2025-12-28T06:15:39.436228+00:00,2025-12-28T06:17:38.203718+00:00,2,1,37.941012,23.624414,36.168643,29.453698
49,2025-12-28T06:34:59.300030+00:00,2025-12-28T06:35:11.446487+00:00,2,1,47.135905,-2.422848,47.413180,-3.689583
50,2025-12-28T06:38:12.990487+00:00,2025-12-28T06:38:12.990487+00:00,1,1,61.839515,-3.145683,52.534967,13.205322
51,2025-12-28T06:39:26.418591+00:00,2025-12-28T06:39:26.418591+00:00,1,1,37.941003,23.624413,36.472797,28.223593
52,2025-12-28T06:40:19.618021+00:00,2025-12-28T06:40:19.618021+00:00,1,1,36.472797,28.223593,36.950045,26.987660
53,2025-12-28T06:40:35.184604+00:00,2025-12-30T15:49:25.740148+00:00,4,1,36.748675,27.164415,36.899533,27.293083
54,2025-12-28T06:42:01.447030+00:00,2025-12-28T09:50:03.209636+00:00,2,1,36.925069,27.145151,37.294342,26.762842
55,2025-12-28T06:43:36.053027+00:00,2025-12-28T06:49:35.393524+00:00,2,1,49.010514,-123.167849,49.162080,-123.004478
56,2025-12-28T06:47:04.725775+00:00,2025-12-30T15:42:11.794650+00:00,4,1,37.941003,23.624426,36.924290,27.296670
57,2025-12-28T06:53:21.213170+00:00,2025-12-28T08:42:28.420040+00:00,5,1,37.941003,23.624420,36.621598,27.140355
58,2025-12-28T06:55:36.557885+00:00,2025-12-28T06:55:36.557885+00:00,1,1,53.345737,-6.218353,53.417783,-5.732070
59,2025-12-28T06:57:13.883966+00:00,2025-12-28T06:57:23.055660+00:00,2,1,53.381759,-5.975210,53.513115,-5.367663
60,2025-12-28T07:00:12.896597+00:00,2025-12-28T07:00:30.212656+00:00,2,1,54.150833,12.101567,54.008647,10.960313
61,2025-12-28T07:01:21.189767+00:00,2025-12-28T07:01:46.522663+00:00,2,1,43.311532,5.362458,42.407972,7.131550
62,2025-12-28T07:02:01.369622+00:00,2025-12-28T07:02:46.135309+00:00,2,1,37.941003,23.624413,37.666753,23.711510
63,2025-12-28T07:03:27.226995+00:00,2025-12-28T07:03:52.961055+00:00,2,1,54.492849,10.338878,54.140358,9.342237
64,2025-12-28T07:06:09.392357+00:00,2025-12-30T11:25:40.451858+00:00,6,1,51.342174,3.212825,51.503450,0.575723
65,2025-12-28T07:09:42.523954+00:00,2025-12-28T07:09:42.523954+00:00,1,1,37.941003,23.624413,36.560062,27.945155
66,2025-12-28T07:10:55.073692+00:00,2025-12-28T07:10:55.073692+00:00,1,1,36.560062,27.945155,36.930047,27.053773
67,2025-12-28T07:12:12.764088+00:00,2025-12-28T07:15:30.483505+00:00,2,1,54.150825,12.101567,55.370800,13.148567
68,2025-12-28T07:12:29.030805+00:00,2025-12-30T18:56:35.473030+00:00,45,1,36.857639,27.194630,37.940964,23.624426
69,2025-12-28T07:12:29.036398+00:00,2025-12-28T20:12:22.943983+00:00,4,1,53.342038,-6.117778,53.319948,-4.619334
70,2025-12-28T07:23:54.055818+00:00,2025-12-28T07:24:30.402095+00:00,2,1,54.150833,12.101567,54.298437,11.788427
71,2025-12-28T07:39:20.718217+00:00,2025-12-28T07:41:46.034740+00:00,2,1,59.420850,5.248283,58.573533,-0.500867
72,2025-12-28T07:45:56.400321+00:00,2025-12-28T07:45:57.572199+00:00,2,1,55.651517,21.158667,54.289743,11.614648
73,2025-12-28T07:56:49.920418+00:00,2025-12-30T09:22:52.628782+00:00,6,1,47.248574,-2.217191,51.758732,-8.268559
74,2025-12-28T07:58:28.255888+00:00,2025-12-28T07:58:28.255888+00:00,1,1,25.171440,5.850000,24.171460,55.194127
75,2025-12-28T08:04:57.354660+00:00,2025-12-28T08:13:57.324275+00:00,2,1,52.385553,4.890605,52.419703,18.432988
76,2025-12-28T08:06:45.033737+00:00,2025-12-28T08:07:45.196242+00:00,2,1,51.429962,1.522287,51.429942,2.198987
77,2025-12-28T08:19:20.980394+00:00,2025-12-28T08:19:20.980394+00:00,1,1,47.136637,-2.423472,51.789572,-10.640788
78,2025-12-28T08:19:49.518740+00:00,2025-12-28T08:19:49.518740+00:00,1,1,51.789572,-10.640788,52.423260,4.812645
79,2025-12-28T08:21:45.222354+00:00,2025-12-28T08:21:45.222354+00:00,1,1,52.423260,4.812645,47.136377,-2.423202
80,2025-12-28T08:22:29.129101+00:00,2025-12-28T08:24:39.114929+00:00,2,1,53.236486,6.208128,52.373155,4.908410
81,2025-12-28T08:22:40.096979+00:00,2025-12-28T09:25:15.956452+00:00,2,1,36.709321,27.236479,36.445767,28.238394
82,2025-12-28T08:22:41.474170+00:00,2025-12-28T08:22:54.670156+00:00,2,1,49.473842,-0.093728,51.345160,4.295000
83,2025-12-28T08:30:56.751807+00:00,2025-12-28T08:33:54.782030+00:00,2,1,44.417750,8.792267,33.153018,-43.320980
84,2025-12-28T08:35:30.670301+00:00,2025-12-28T08:36:52.592141+00:00,2,1,48.387675,-4.498475,59.445597,24.774414
85,2025-12-28T08:35:51.911689+00:00,2025-12-30T00:22:50.725777+00:00,4,2,52.373156,4.911150,-7.046144,0.000073
86,2025-12-28T08:44:47.424271+00:00,2025-12-30T14:23:10.173618+00:00,4,1,37.941008,23.624418,36.682205,27.850620
87,2025-12-28T08:48:49.697130+00:00,2025-12-28T08:48:49.697130+00:00,1,1,36.682478,27.848505,37.258955,26.390445
88,2025-12-28T08:49:02.469345+00:00,2025-12-30T03:43:13.132255+00:00,4,1,52.585390,6.093790,-47.029329,0.006918
89,2025-12-28T08:54:54.257456+00:00,2025-12-28T08:54:54.257456+00:00,1,1,37.258955,26.390445,37.242332,26.799118
90,2025-12-28T08:57:26.873267+00:00,2025-12-28T08:59:36.296132+00:00,2,1,53.183621,5.557447,52.457125,6.105855
91,2025-12-28T09:01:12.447244+00:00,2025-12-28T09:02:12.602673+00:00,2,1,51.882607,4.279101,51.961578,4.139823
92,2025-12-28T09:04:00.828293+00:00,2025-12-28T09:05:51.262327+00:00,2,1,51.704802,2.710963,51.391417,2.137488
93,2025-12-28T09:07:32.653578+00:00,2025-12-28T09:26:54.286590+00:00,4,1,43.311529,5.362470,41.898733,8.747843
94,2025-12-28T09:11:10.892255+00:00,2025-12-28T09:11:10.892255+00:00,1,1,44.709063,37.847635,44.468832,37.824277
95,2025-12-28T09:15:04.952205+00:00,2025-12-28T09:16:31.206402+00:00,2,1,51.955800,4.003883,55.955233,6.882867
96,2025-12-28T09:16:02.533057+00:00,2025-12-28T09:16:02.533057+00:00,1,1,37.941003,23.624413,36.500800,28.124047
97,2025-12-28T09:16:48.116846+00:00,2025-12-28T09:17:36.476699+00:00,2,1,47.613476,-122.353585,-41.238792,174.366037
98,2025-12-28T09:18:22.479578+00:00,2025-12-28T09:18:22.479578+00:00,1,1,36.500800,28.124047,36.899327,27.291387
99,2025-12-28T09:19:22.784182+00:00,2025-12-28T09:24:25.886993+00:00,2,1,51.907223,4.586267,52.421665,4.948523
100,2025-12-28T09:31:21.608867+00:00,2025-12-28T11:04:38.152113+00:00,4,1,51.956377,4.075275,53.587667,8.160310
101,2025-12-28T09:37:14.739583+00:00,2025-12-28T09:37:38.261372+00:00,2,1,51.956387,4.075252,52.028023,3.897273
102,2025-12-28T09:42:03.491818+00:00,2025-12-28T09:43:26.431572+00:00,2,1,37.941003,23.624413,36.659182,27.880787
103,2025-12-28T09:42:25.046842+00:00,2025-12-28T09:58:52.860607+00:00,2,1,52.412887,4.777363,51.489928,1.121520
104,2025-12-28T09:43:46.558581+00:00,2025-12-28T09:44:46.403973+00:00,2,1,50.093243,14.420748,43.102733,42.381708
105,2025-12-28T09:49:34.892429+00:00,2025-12-28T09:51:44.646011+00:00,2,1,51.281852,4.380689,51.857895,3.236288
106,2025-12-28T09:52:04.995216+00:00,2025-12-28T09:52:04.995216+00:00,1,1,37.294540,26.762475,36.586143,27.919273
107,2025-12-28T09:52:26.629772+00:00,2025-12-30T17:20:00.699981+00:00,12,1,36.491916,28.160881,37.941002,23.624425
108,2025-12-28T10:05:53.888029+00:00,2025-12-28T10:07:29.082868+00:00,2,1,51.955808,4.003875,57.853833,10.252800
109,2025-12-28T10:07:10.212193+00:00,2025-12-28T10:08:54.533015+00:00,2,1,43.311525,5.362458,42.325298,7.328127
110,2025-12-28T10:11:10.178272+00:00,2025-12-28T10:12:04.099504+00:00,2,1,37.920194,23.613248,36.443610,27.414078
111,2025-12-28T10:15:17.579216+00:00,2025-12-28T10:16:56.441129+00:00,2,1,58.200017,11.243792,57.743217,11.363450
112,2025-12-28T10:17:49.855412+00:00,2025-12-28T10:17:49.855412+00:00,1,1,51.052050,4.363110,67.988212,9.227320
113,2025-12-28T10:18:23.829512+00:00,2025-12-28T10:18:23.829512+00:00,1,1,67.988212,9.227320,67.836298,8.743863
114,2025-12-28T10:23:31.624232+00:00,2025-12-28T10:25:51.600784+00:00,2,1,51.787067,5.541586,51.892965,4.417463
115,2025-12-28T10:32:09.666128+00:00,2025-12-28T10:32:09.666128+00:00,1,1,9.865503,125.804888,10.305210,123.936525
116,2025-12-28T10:43:06.077140+00:00,2025-12-28T10:43:06.077140+00:00,1,1,67.836298,8.743863,51.052065,4.363157
117,2025-12-28T10:45:26.941975+00:00,2025-12-28T10:45:26.941975+00:00,1,1,10.309305,123.924955,10.957103,121.881438
118,2025-12-28T10:48:30.812667+00:00,2025-12-28T10:49:34.205270+00:00,2,1,10.824488,121.980070,10.837347,121.908428
119,2025-12-28T10:50:34.266664+00:00,2025-12-28T10:50:34.266664+00:00,1,1,10.691873,122.078702,10.771255,121.960725
120,2025-12-28T10:53:37.463979+00:00,2025-12-28T10:53:37.463979+00:00,1,1,10.752772,121.967895,10.665517,122.071630
121,2025-12-28T11:07:26.233538+00:00,2025-12-29T19:25:06.318058+00:00,4,1,52.383966,4.927158,51.883907,4.455486
122,2025-12-28T11:35:13.060209+00:00,2025-12-28T11:35:46.230164+00:00,2,1,54.251550,11.655892,53.910700,14.270517
123,2025-12-28T11:44:59.347797+00:00,2025-12-28T11:58:41.810138+00:00,2,1,37.907033,23.069881,51.951142,4.075488
124,2025-12-28T11:45:03.448141+00:00,2025-12-28T11:45:10.456343+00:00,2,1,47.136613,-2.423298,47.191418,-3.026188
125,2025-12-28T11:47:11.803086+00:00,2025-12-28T11:48:11.018105+00:00,2,1,54.583622,11.023206,54.127997,9.330952
126,2025-12-28T11:51:40.619250+00:00,2025-12-28T11:52:00.402921+00:00,2,1,57.625605,11.802228,57.299637,39.762548
127,2025-12-28T11:52:28.487577+00:00,2025-12-28T11:53:58.694329+00:00,2,1,35.891592,14.510967,34.664917,33.065883
128,2025-12-28T11:58:04.182150+00:00,2025-12-28T11:59:56.420207+00:00,2,1,52.643081,6.085491,51.914383,4.578052
129,2025-12-28T12:02:28.555140+00:00,2025-12-28T12:04:56.276317+00:00,2,1,47.136486,-2.423376,51.765620,-8.265477
130,2025-12-28T12:11:30.434794+00:00,2025-12-28T12:15:54.339638+00:00,2,1,51.657222,4.370086,52.366690,5.082358
131,2025-12-28T12:25:57.470822+00:00,2025-12-28T12:26:31.707801+00:00,2,1,47.136188,-2.423248,55.457283,12.200110
132,2025-12-28T12:37:31.257032+00:00,2025-12-28T12:38:05.364057+00:00,2,1,54.346175,11.983575,53.904500,14.262117
133,2025-12-28T12:40:37.114207+00:00,2025-12-28T12:42:07.569532+00:00,2,1,51.663200,2.235972,51.664003,2.669885
134,2025-12-28T12:45:50.547643+00:00,2025-12-28T12:48:01.985081+00:00,2,1,47.135989,-2.423044,50.512445,-0.257768
135,2025-12-28T13:05:47.208790+00:00,2025-12-28T13:06:56.220087+00:00,2,1,44.417742,8.792242,43.975065,8.814533
136,2025-12-28T13:11:08.896510+00:00,2025-12-30T22:41:21.633160+00:00,33,4,44.596068,37.985108,44.677013,37.880166
137,2025-12-28T13:13:12.544241+00:00,2025-12-28T13:13:48.725446+00:00,2,1,51.344271,4.285762,57.396285,21.580838
138,2025-12-28T13:14:17.176099+00:00,2025-12-30T23:14:31.422199+00:00,78,6,44.697444,37.933923,44.515279,38.013127
139,2025-12-28T13:20:21.880461+00:00,2025-12-30T22:08:31.190026+00:00,42,5,44.873261,38.018893,45.165131,37.881172
140,2025-12-28T13:22:07.364106+00:00,2025-12-28T13:22:50.005781+00:00,2,1,49.302802,-123.051048,49.000967,-123.300997
141,2025-12-28T13:22:29.281658+00:00,2025-12-30T16:06:56.170235+00:00,11,2,44.637728,38.308033,44.732272,37.792267
142,2025-12-28T13:24:46.987408+00:00,2025-12-30T22:49:45.765947+00:00,31,4,44.641684,38.390543,44.725588,37.775202
143,2025-12-28T13:25:17.094105+00:00,2025-12-30T18:38:26.889244+00:00,20,7,44.632897,38.227338,44.727339,37.775122
144,2025-12-28T13:37:22.629272+00:00,2025-12-28T13:37:50.410469+00:00,2,1,42.514056,37.334870,42.354367,36.904342
145,2025-12-28T13:37:50.554673+00:00,2025-12-28T13:38:40.307933+00:00,2,1,54.540829,11.315303,53.987495,8.186183
146,2025-12-28T13:39:38.365472+00:00,2025-12-28T13:39:38.365472+00:00,1,1,42.392613,37.306173,45.116127,38.172802
147,2025-12-28T13:42:28.903049+00:00,2025-12-30T22:47:55.045072+00:00,11,4,44.689653,38.330390,44.717499,37.781491
148,2025-12-28T13:45:53.723240+00:00,2025-12-28T13:46:24.312157+00:00,2,1,51.956385,4.075267,53.835052,9.344658
149,2025-12-28T13:46:24.738213+00:00,2025-12-28T13:50:57.125077+00:00,2,1,58.199100,11.243492,57.628883,11.533033
150,2025-12-28T13:53:16.925028+00:00,2025-12-28T13:54:16.893330+00:00,2,1,54.430783,11.687833,55.399237,11.687850
151,2025-12-28T13:54:11.706878+00:00,2025-12-28T13:56:47.202805+00:00,2,1,51.274433,3.844650,52.060417,3.345467
152,2025-12-28T13:54:56.281036+00:00,2025-12-30T23:11:06.059345+00:00,66,8,44.733803,37.803589,45.165099,37.880503
153,2025-12-28T13:56:17.902809+00:00,2025-12-28T13:56:17.902809+00:00,1,1,45.116127,38.172802,45.152527,37.899415
154,2025-12-28T13:59:57.758692+00:00,2025-12-28T14:01:29.678791+00:00,2,1,44.681619,38.095664,44.688148,38.022827
155,2025-12-28T14:05:29.359161+00:00,2025-12-28T14:11:45.318741+00:00,2,1,45.154531,37.901409,44.806213,37.666485
156,2025-12-28T14:08:11.567799+00:00,2025-12-28T14:08:43.473984+00:00,2,1,41.335732,2.194926,40.981355,2.127303
157,2025-12-28T14:08:48.420234+00:00,2025-12-28T14:09:49.077718+00:00,2,1,49.122748,-123.184273,-86.429997,-120.902648
158,2025-12-28T14:09:30.056721+00:00,2025-12-28T14:09:32.699052+00:00,2,1,58.199575,11.240717,57.690383,11.889483
159,2025-12-28T14:10:19.321194+00:00,2025-12-30T23:05:08.270840+00:00,67,10,44.813715,37.825285,44.894946,38.061482
160,2025-12-28T14:14:37.068196+00:00,2025-12-28T14:14:37.068196+00:00,1,1,45.156535,37.903403,46.216865,38.056155
161,2025-12-28T14:15:37.067381+00:00,2025-12-28T14:15:37.067381+00:00,1,1,46.216865,38.056155,46.028238,37.782507
162,2025-12-28T14:17:49.967769+00:00,2025-12-28T14:19:39.606671+00:00,2,1,51.342174,3.212827,51.556272,2.467887
163,2025-12-28T14:18:40.925349+00:00,2025-12-30T21:27:31.802818+00:00,10,5,44.893089,38.077806,44.729044,37.778397
164,2025-12-28T14:22:06.295143+00:00,2025-12-28T14:22:15.614145+00:00,2,1,54.388892,18.670442,54.055550,18.667117
165,2025-12-28T14:23:28.994672+00:00,2025-12-28T14:23:28.994672+00:00,1,1,46.028238,37.782507,44.812487,37.672132
166,2025-12-28T14:27:13.812231+00:00,2025-12-28T14:27:13.812231+00:00,1,1,31.799317,34.478518,31.999988,34.999982
167,2025-12-28T14:28:09.496209+00:00,2025-12-28T14:28:35.813404+00:00,2,1,51.406219,4.035683,51.373307,4.219063
168,2025-12-28T14:29:28.894352+00:00,2025-12-28T15:47:47.611819+00:00,2,1,43.594162,-5.688701,44.986842,-5.743785
169,2025-12-28T14:30:53.513116+00:00,2025-12-28T14:30:53.513116+00:00,1,1,44.543238,38.016783,44.808050,38.236165
170,2025-12-28T14:31:07.150733+00:00,2025-12-30T22:29:57.517529+00:00,6,4,44.736860,37.785929,45.158143,37.887767
171,2025-12-28T14:36:48.805081+00:00,2025-12-28T14:36:48.805081+00:00,1,1,44.639565,38.388557,44.716023,37.771352
172,2025-12-28T14:46:12.262238+00:00,2025-12-28T14:49:39.570506+00:00,2,1,51.342172,3.212822,51.452665,0.332833
173,2025-12-28T14:46:23.458660+00:00,2025-12-28T14:46:23.458660+00:00,1,1,63.501913,9.558893,63.461450,9.835282
174,2025-12-28T14:47:33.733783+00:00,2025-12-28T14:51:06.230362+00:00,2,1,37.913677,23.056103,37.374385,7.279368
175,2025-12-28T14:48:28.876926+00:00,2025-12-30T22:26:25.681383+00:00,59,6,44.620020,37.929074,44.642147,38.390821
176,2025-12-28T14:50:26.320464+00:00,2025-12-28T14:50:35.155096+00:00,2,1,54.388908,18.670425,5.700000,0.300000
177,2025-12-28T14:50:43.491971+00:00,2025-12-28T14:53:11.099513+00:00,2,1,43.311533,5.362458,41.891932,8.743783
178,2025-12-28T14:51:31.253036+00:00,2025-12-28T14:51:36.124512+00:00,2,1,55.651492,21.158667,55.371833,13.154350
179,2025-12-28T14:54:36.144890+00:00,2025-12-28T14:54:36.144890+00:00,1,1,-39.691413,145.457100,-39.597183,145.400387
180,2025-12-28T14:54:36.730457+00:00,2025-12-28T14:59:59.128157+00:00,2,1,-37.816840,144.922497,-38.419185,144.535713
181,2025-12-28T14:58:11.069879+00:00,2025-12-30T22:42:06.165804+00:00,11,5,44.878845,37.977993,44.799780,37.832357
182,2025-12-28T15:03:41.348771+00:00,2025-12-28T15:03:41.348771+00:00,1,1,44.584923,38.175642,44.519305,38.025940
183,2025-12-28T15:04:14.494181+00:00,2025-12-28T15:07:30.896618+00:00,2,1,51.955800,4.003867,51.853000,1.726167
184,2025-12-28T15:06:05.394314+00:00,2025-12-28T15:06:05.394314+00:00,1,1,44.514118,38.011765,45.157273,37.878137
185,2025-12-28T15:22:36.844864+00:00,2025-12-28T15:25:38.664937+00:00,2,1,51.342173,3.212830,51.496395,0.480150
186,2025-12-28T15:28:21.737952+00:00,2025-12-28T16:01:36.304397+00:00,4,1,47.268909,-2.190862,52.032853,1.159096
187,2025-12-28T15:30:20.127727+00:00,2025-12-28T15:30:20.127727+00:00,1,1,0.059200,-0.153117,56.059200,-4.819783
188,2025-12-28T15:35:28.990398+00:00,2025-12-30T22:17:29.939881+00:00,21,5,44.750690,37.797454,44.676960,37.880515
189,2025-12-28T15:44:40.624693+00:00,2025-12-28T15:47:21.816373+00:00,2,1,52.406609,4.887126,51.877583,4.425538
190,2025-12-28T15:46:59.316389+00:00,2025-12-28T18:28:50.685258+00:00,3,2,45.059142,37.989795,44.727689,37.798200
191,2025-12-28T15:51:32.705445+00:00,2025-12-28T15:52:52.908566+00:00,2,1,52.412887,4.777367,51.881820,1.701102
192,2025-12-28T15:52:20.085879+00:00,2025-12-28T15:53:31.765074+00:00,2,1,47.286187,-2.167550,51.625753,-8.154423
193,2025-12-28T15:56:15.241663+00:00,2025-12-31T00:45:31.106170+00:00,5,3,52.658912,5.599976,59.649408,0.000085
194,2025-12-28T16:01:24.358381+00:00,2025-12-28T16:01:58.497757+00:00,2,1,53.345735,-6.218331,54.032768,-2.927235
195,2025-12-28T16:10:01.127458+00:00,2025-12-28T16:10:30.961344+00:00,2,1,51.955792,4.003883,55.858017,6.771083
196,2025-12-28T16:13:36.744339+00:00,2025-12-28T17:37:28.379122+00:00,2,1,49.881639,6.958653,52.398882,4.878493
197,2025-12-28T16:30:35.020962+00:00,2025-12-28T16:31:35.673151+00:00,2,1,47.304893,-2.114363,52.003365,1.211443
198,2025-12-28T16:35:49.552997+00:00,2025-12-28T16:37:57.591206+00:00,2,1,54.897244,13.446744,54.876847,13.491757
199,2025-12-28T16:46:23.006248+00:00,2025-12-28T16:50:41.784158+00:00,2,1,44.807451,37.927398,44.808425,37.834058
200,2025-12-28T16:47:24.664495+00:00,2025-12-28T16:49:21.127663+00:00,2,1,43.311517,5.362473,41.920285,8.746155
201,2025-12-28T16:49:06.496011+00:00,2025-12-28T20:01:30.137199+00:00,3,2,48.751730,-123.378032,49.006557,-123.133215
202,2025-12-28T16:49:24.050015+00:00,2025-12-28T16:50:24.357535+00:00,2,1,33.747168,-118.179248,33.655695,-118.193233
203,2025-12-28T17:16:53.760367+00:00,2025-12-30T17:20:38.023646+00:00,3,1,33.714422,-118.258729,33.618511,-118.265527
204,2025-12-28T17:18:53.914520+00:00,2025-12-30T17:22:47.698850+00:00,2,1,33.706489,-118.249345,33.604411,-118.267557
205,2025-12-28T17:21:56.055132+00:00,2025-12-28T17:21:56.055132+00:00,1,1,33.684785,-118.252235,33.586283,-118.271957
206,2025-12-28T17:24:20.994250+00:00,2025-12-28T17:25:13.320836+00:00,2,1,51.409850,3.289682,51.281850,4.380700
207,2025-12-28T17:25:52.636141+00:00,2025-12-28T17:26:52.611470+00:00,2,1,51.812517,4.883637,52.359523,116.723203
208,2025-12-28T17:30:40.414531+00:00,2025-12-28T17:33:40.399558+00:00,2,1,22.352882,114.116053,21.212697,153.802027
209,2025-12-28T17:36:48.166618+00:00,2025-12-30T10:06:53.316299+00:00,22,1,47.304900,-2.114346,47.136415,-2.422590
210,2025-12-28T17:42:22.173502+00:00,2025-12-28T17:42:58.254223+00:00,2,1,49.715742,-1.631442,49.459350,-0.588350
211,2025-12-28T17:43:51.873024+00:00,2025-12-28T17:54:33.773867+00:00,2,1,51.818935,4.875725,52.458350,5.816828
212,2025-12-28T17:45:37.444760+00:00,2025-12-28T18:11:41.565773+00:00,2,1,44.523065,37.742644,49.063287,40.902038
213,2025-12-28T17:46:17.615024+00:00,2025-12-28T17:46:17.615024+00:00,1,1,51.916422,4.483295,51.333792,6.117380
214,2025-12-28T17:54:58.146426+00:00,2025-12-28T17:58:40.537397+00:00,2,1,51.342173,3.212823,51.448053,0.355362
215,2025-12-28T18:08:12.311328+00:00,2025-12-28T18:10:39.384204+00:00,2,1,51.342177,3.212833,51.487332,1.493698
216,2025-12-28T18:14:56.386169+00:00,2025-12-28T18:15:56.386251+00:00,2,1,52.660483,5.597986,56.155742,0.006912
217,2025-12-28T18:22:47.332409+00:00,2025-12-28T18:22:53.600982+00:00,2,1,40.285812,-73.807022,40.309072,-73.047847
218,2025-12-28T18:22:52.020314+00:00,2025-12-29T23:09:44.124245+00:00,5,1,60.194058,29.239298,60.113848,28.269302
219,2025-12-28T18:23:55.977266+00:00,2025-12-28T18:24:09.537782+00:00,2,1,33.572437,-118.227337,33.669912,-118.197342
220,2025-12-28T18:26:55.148952+00:00,2025-12-28T18:27:47.734001+00:00,2,1,29.309588,-94.794837,20.478223,-86.979177
221,2025-12-28T18:28:01.400284+00:00,2025-12-28T19:02:17.280473+00:00,2,1,50.789882,5.691191,51.913990,4.250590
222,2025-12-28T18:44:24.807370+00:00,2025-12-28T18:47:45.962820+00:00,2,1,59.420867,5.248275,57.723233,-1.392067
223,2025-12-28T18:46:05.941583+00:00,2025-12-28T18:46:43.376509+00:00,2,1,51.957318,3.996032,60.214535,25.188693
224,2025-12-28T18:54:11.991195+00:00,2025-12-28T18:58:36.791195+00:00,2,1,29.309587,-94.794833,16.347115,-86.658463
225,2025-12-28T19:00:15.186619+00:00,2025-12-30T11:06:49.629455+00:00,4,1,51.818864,5.003024,51.890132,4.457335
226,2025-12-28T19:01:26.109754+00:00,2025-12-28T19:03:05.094127+00:00,2,1,37.913692,23.056111,36.365997,-8.474967
227,2025-12-28T19:03:14.699279+00:00,2025-12-28T19:03:55.743843+00:00,2,1,44.417742,8.792242,43.542420,7.862838
228,2025-12-28T19:04:05.053082+00:00,2025-12-28T19:05:05.108996+00:00,2,1,52.420654,4.850702,52.318262,32.814445
229,2025-12-28T19:14:52.995070+00:00,2025-12-28T19:16:42.374714+00:00,2,1,52.365570,4.891558,54.987608,116.739748
230,2025-12-28T19:16:25.992281+00:00,2025-12-28T19:23:07.089175+00:00,2,1,29.309584,-94.794832,16.251575,-86.625995
231,2025-12-28T19:23:16.982990+00:00,2025-12-28T23:18:11.723566+00:00,4,2,33.660038,-118.194327,33.753635,-118.182356
232,2025-12-28T19:23:55.362801+00:00,2025-12-28T19:24:55.364865+00:00,2,1,54.405933,18.666083,0.083333,2.383333
233,2025-12-28T19:24:26.112040+00:00,2025-12-28T19:25:26.888211+00:00,2,1,52.516558,5.638234,52.842612,5.714685
234,2025-12-28T19:25:33.891549+00:00,2025-12-28T19:25:39.679917+00:00,2,1,51.342180,3.212830,51.491108,0.856633
235,2025-12-28T19:25:44.691002+00:00,2025-12-29T22:46:21.301433+00:00,4,2,33.592948,-118.230961,33.646566,-118.211393
236,2025-12-28T19:26:38.234796+00:00,2025-12-28T22:36:41.720498+00:00,10,1,48.942691,2.278669,51.148372,5.883171
237,2025-12-28T19:32:53.759194+00:00,2025-12-28T19:33:53.868110+00:00,2,1,52.516627,5.639530,-83.798268,0.006912
238,2025-12-28T19:35:28.578828+00:00,2025-12-28T19:35:28.578828+00:00,1,1,33.673435,-118.201080,33.578510,-118.236123
239,2025-12-28T19:40:46.979432+00:00,2025-12-29T20:41:53.977982+00:00,7,3,33.613838,-118.224284,33.638036,-118.213350
240,2025-12-28T19:43:59.994213+00:00,2025-12-29T16:43:04.915564+00:00,2,2,33.635723,-118.215323,33.620447,-118.218729
241,2025-12-28T19:44:53.515801+00:00,2025-12-28T19:47:08.506753+00:00,2,1,29.309587,-94.794835,28.133950,-92.797247
242,2025-12-28T19:46:03.171137+00:00,2025-12-28T19:46:03.171137+00:00,1,1,33.612827,-118.223338,33.505948,-118.262195
243,2025-12-28T19:52:43.464652+00:00,2025-12-28T19:53:21.781200+00:00,2,1,51.382862,2.554098,51.347997,4.266535
244,2025-12-28T19:54:01.011184+00:00,2025-12-28T19:55:39.067217+00:00,2,1,51.342182,3.212821,51.493605,1.084115
245,2025-12-28T19:59:28.367771+00:00,2025-12-28T20:00:48.742282+00:00,2,1,53.444918,6.823479,52.380978,4.899288
246,2025-12-28T20:14:32.680589+00:00,2025-12-28T20:15:32.128318+00:00,2,1,51.281997,4.366277,51.346465,3.848897
247,2025-12-28T20:14:50.949638+00:00,2025-12-28T20:15:50.948754+00:00,2,1,54.572452,11.928381,45.834310,0.000182
248,2025-12-28T20:19:53.702879+00:00,2025-12-28T20:19:53.702879+00:00,1,1,54.398832,13.307007,55.012317,12.702107
249,2025-12-28T20:20:06.601796+00:00,2025-12-28T20:20:21.507498+00:00,2,1,51.781067,5.111434,51.917642,4.487297
250,2025-12-28T20:23:02.068616+00:00,2025-12-28T20:23:02.068616+00:00,1,1,44.801988,37.687118,44.630308,37.801672
251,2025-12-28T20:27:58.762834+00:00,2025-12-30T12:49:55.905854+00:00,18,1,51.281988,4.366277,51.794867,3.332921
252,2025-12-28T20:36:13.451116+00:00,2025-12-28T20:36:59.406775+00:00,2,1,51.342176,3.212830,51.699642,2.214577
253,2025-12-28T20:40:28.426437+00:00,2025-12-30T09:20:47.141937+00:00,4,1,51.957679,4.035167,53.500291,9.938257
254,2025-12-28T20:41:04.957581+00:00,2025-12-30T16:50:23.611818+00:00,3,2,33.699372,-118.180924,33.600038,-118.215324
255,2025-12-28T20:55:44.739152+00:00,2025-12-28T20:56:00.349716+00:00,2,1,39.817158,-73.881728,40.642988,-74.149390
256,2025-12-28T20:55:55.365880+00:00,2025-12-28T20:56:55.316928+00:00,2,1,52.355296,4.972317,50.745112,4.972553
257,2025-12-28T21:02:27.686979+00:00,2025-12-28T21:03:55.161243+00:00,2,1,44.417742,8.792233,35.497068,-11.559817
258,2025-12-28T21:03:39.752266+00:00,2025-12-29T21:03:14.315269+00:00,4,1,37.902227,23.628286,37.105592,25.370453
259,2025-12-28T21:06:02.142176+00:00,2025-12-28T21:06:02.142176+00:00,1,1,-34.823353,-57.090140,-34.844582,-56.924398
260,2025-12-28T21:14:09.799922+00:00,2025-12-28T21:15:11.103737+00:00,2,1,41.354417,2.171926,41.224998,2.342873
261,2025-12-28T21:14:09.808239+00:00,2025-12-28T21:16:37.716623+00:00,2,1,41.359026,2.174058,41.202153,2.334493
262,2025-12-28T21:14:09.812003+00:00,2025-12-28T21:14:10.311664+00:00,2,1,41.177352,2.080739,41.033265,1.866308
263,2025-12-28T21:14:09.814002+00:00,2025-12-28T21:15:17.787496+00:00,2,1,41.330750,2.188833,41.315167,2.502333
264,2025-12-28T21:14:09.818607+00:00,2025-12-28T21:14:09.818607+00:00,1,1,43.944968,9.284425,41.304237,2.173905
265,2025-12-28T21:14:09.823318+00:00,2025-12-28T21:15:19.796933+00:00,2,1,41.312650,2.152943,41.047633,1.984638
266,2025-12-28T21:14:09.843076+00:00,2025-12-28T21:14:53.183153+00:00,2,1,41.305873,2.146162,41.059517,2.177192
267,2025-12-28T21:14:09.857876+00:00,2025-12-28T21:14:09.857876+00:00,1,1,43.934250,9.853852,41.243810,2.456570
268,2025-12-28T21:14:09.888561+00:00,2025-12-28T21:14:47.658376+00:00,2,1,41.349774,2.169053,40.990532,2.177732
269,2025-12-28T21:14:09.905362+00:00,2025-12-28T21:14:15.235802+00:00,2,1,41.304042,2.185368,41.158848,2.217555
270,2025-12-28T21:14:09.937050+00:00,2025-12-28T21:17:08.113287+00:00,2,1,41.330997,2.149000,41.053833,1.808833
271,2025-12-28T21:14:09.938171+00:00,2025-12-28T21:14:23.982454+00:00,2,1,41.315589,2.185503,41.228272,2.357187
272,2025-12-28T21:14:09.952980+00:00,2025-12-28T21:17:45.092587+00:00,2,1,41.342733,2.162480,41.172175,2.192034
273,2025-12-28T21:14:10.010768+00:00,2025-12-28T21:14:40.271183+00:00,2,1,42.930948,6.637173,41.084837,1.218083
274,2025-12-28T21:14:10.443274+00:00,2025-12-28T21:14:17.043890+00:00,2,1,41.338380,2.165509,41.214967,2.367112
275,2025-12-28T21:15:36.649055+00:00,2025-12-28T21:15:36.649055+00:00,1,1,41.046408,2.013603,41.308253,2.148120
276,2025-12-28T21:16:08.335535+00:00,2025-12-28T21:34:51.025348+00:00,2,1,55.263487,11.081337,55.124908,11.049158
277,2025-12-28T21:19:50.233107+00:00,2025-12-30T12:15:04.453586+00:00,38,6,44.707017,37.813816,44.678805,38.343372
278,2025-12-28T21:20:17.601002+00:00,2025-12-29T15:21:21.047630+00:00,3,1,51.229822,3.798972,51.333756,2.531639
279,2025-12-28T21:21:27.049297+00:00,2025-12-28T21:32:27.680744+00:00,6,1,55.083511,11.031889,55.236145,11.099489
280,2025-12-28T21:23:11.343202+00:00,2025-12-28T21:25:16.743177+00:00,2,1,55.224594,11.095463,55.348282,11.030322
281,2025-12-28T21:31:16.574093+00:00,2025-12-28T21:31:27.725959+00:00,2,1,51.955710,4.150910,25.104038,48.715667
282,2025-12-28T21:31:29.711965+00:00,2025-12-28T21:33:38.951954+00:00,2,1,29.845925,-93.968489,22.115587,-85.989447
283,2025-12-28T21:34:48.900643+00:00,2025-12-28T21:40:26.886814+00:00,2,1,51.888125,5.088448,52.374363,4.956325
284,2025-12-28T21:42:31.139718+00:00,2025-12-28T21:42:31.139718+00:00,1,1,59.688602,29.324387,60.335457,29.067737
285,2025-12-28T21:53:16.073950+00:00,2025-12-28T22:01:27.437519+00:00,2,1,60.327985,29.062075,60.059382,29.364340
286,2025-12-28T22:05:55.856038+00:00,2025-12-28T22:06:27.055568+00:00,2,1,51.957318,3.996025,53.840500,8.852500
287,2025-12-28T22:14:34.338996+00:00,2025-12-28T22:15:50.275612+00:00,2,1,47.304900,-2.114360,51.448195,1.740250
288,2025-12-28T22:17:29.338081+00:00,2025-12-28T22:20:10.404321+00:00,2,1,54.394882,18.673878,54.526500,18.549210
289,2025-12-28T22:20:32.558146+00:00,2025-12-28T22:20:32.558146+00:00,1,1,60.329917,29.058923,60.011962,29.391478
290,2025-12-28T22:36:40.199598+00:00,2025-12-28T22:48:40.215845+00:00,2,1,22.352881,114.116053,20.994240,153.802027
291,2025-12-28T22:39:33.250695+00:00,2025-12-28T22:39:33.250695+00:00,1,1,55.302950,11.039772,55.217102,11.096742
292,2025-12-28T22:43:18.256278+00:00,2025-12-28T22:44:01.329261+00:00,2,1,51.282027,4.366316,51.434470,3.678143
293,2025-12-28T23:01:28.872868+00:00,2025-12-28T23:01:28.872868+00:00,1,1,31.524310,34.613417,10.396450,124.035112
294,2025-12-28T23:04:03.821154+00:00,2025-12-30T04:35:21.875646+00:00,4,2,51.907635,4.470006,52.588155,6.093004
295,2025-12-28T23:07:07.661576+00:00,2025-12-30T04:56:06.131472+00:00,6,1,51.281996,4.366297,51.353383,4.241875
296,2025-12-28T23:10:46.798664+00:00,2025-12-29T23:38:11.643987+00:00,4,1,-37.816815,144.922498,-36.150892,150.616947
297,2025-12-28T23:10:53.260158+00:00,2025-12-28T23:11:08.375340+00:00,2,1,55.651533,21.158667,56.159967,14.816833
298,2025-12-28T23:12:54.989193+00:00,2025-12-28T23:14:01.744206+00:00,2,1,33.733383,-118.178919,33.624112,-118.191888
299,2025-12-28T23:15:25.132797+00:00,2025-12-28T23:15:46.296663+00:00,2,1,52.842623,5.714668,70.318875,0.006913
300,2025-12-28T23:16:27.371817+00:00,2025-12-28T23:16:27.371817+00:00,1,1,55.099122,11.045075,55.201990,11.099962
301,2025-12-28T23:16:59.131545+00:00,2025-12-28T23:17:59.134786+00:00,2,1,52.517561,5.437343,-50.592398,0.000082
302,2025-12-28T23:23:29.263059+00:00,2025-12-28T23:27:11.493135+00:00,2,1,49.123683,-123.084528,49.388033,-123.299988
303,2025-12-28T23:30:55.446719+00:00,2025-12-28T23:55:48.925677+00:00,2,1,55.265905,11.074120,55.100812,11.045404
304,2025-12-28T23:31:34.054938+00:00,2025-12-28T23:31:36.611304+00:00,2,1,51.405283,3.685425,32.394917,-14.235750
305,2025-12-28T23:35:31.763822+00:00,2025-12-28T23:36:32.522279+00:00,2,1,51.282012,4.366297,54.198507,7.402167
306,2025-12-28T23:35:37.502792+00:00,2025-12-28T23:35:45.278036+00:00,2,1,53.392422,-5.857701,53.563437,-4.611402
307,2025-12-28T23:37:16.825859+00:00,2025-12-28T23:37:24.080088+00:00,2,1,54.483167,10.300842,53.884248,9.120522
308,2025-12-28T23:44:23.244055+00:00,2025-12-28T23:44:23.244055+00:00,1,1,41.304237,2.173905,42.815750,10.023487
309,2025-12-28T23:46:20.847077+00:00,2025-12-28T23:47:21.601444+00:00,2,1,54.959605,10.962225,55.210652,11.095910
310,2025-12-28T23:47:05.177966+00:00,2025-12-28T23:48:21.802407+00:00,2,1,52.388637,4.653920,52.419273,4.850695
311,2025-12-28T23:47:44.695072+00:00,2025-12-28T23:47:54.180839+00:00,2,1,51.351813,4.259819,51.350178,4.093097
312,2025-12-28T23:52:26.100846+00:00,2025-12-28T23:52:26.100846+00:00,1,1,63.856827,9.730368,64.031047,9.902540
313,2025-12-28T23:54:03.063501+00:00,2025-12-28T23:54:03.063501+00:00,1,1,60.329995,29.061057,60.047120,28.831753
314,2025-12-29T00:11:07.713284+00:00,2025-12-29T00:11:07.713284+00:00,1,1,-34.844968,-56.935252,-34.823065,-57.097347
315,2025-12-29T13:49:08.946320+00:00,2025-12-29T13:50:11.289216+00:00,2,1,-37.816819,144.922492,-35.029822,150.985627
316,2025-12-29T13:49:48.773460+00:00,2025-12-30T11:30:06.870497+00:00,37,9,44.736845,37.822469,44.551981,37.966253
317,2025-12-29T13:50:53.978672+00:00,2025-12-29T17:28:58.567720+00:00,4,1,44.403028,8.898887,36.805494,10.269470
318,2025-12-29T13:57:50.120800+00:00,2025-12-29T14:00:03.895028+00:00,2,1,53.345726,-6.218351,53.740298,-4.391803
319,2025-12-29T14:01:32.687608+00:00,2025-12-29T14:01:45.462011+00:00,2,1,51.246075,4.382800,51.125133,1.804017
320,2025-12-29T14:02:37.059366+00:00,2025-12-29T14:03:37.481031+00:00,2,1,52.398850,4.878354,-84.774858,0.509293
321,2025-12-29T14:02:53.055251+00:00,2025-12-29T14:02:53.055251+00:00,1,1,44.728268,37.801922,44.373337,36.886188
322,2025-12-29T14:16:36.167844+00:00,2025-12-29T14:18:06.724336+00:00,2,1,44.417758,8.792233,32.503333,-79.506833
323,2025-12-29T14:16:59.625126+00:00,2025-12-29T14:32:20.565718+00:00,2,1,55.664813,21.149131,55.358472,20.134958
324,2025-12-29T14:18:54.665127+00:00,2025-12-29T14:20:50.886493+00:00,2,1,44.403044,8.898895,43.534747,10.266093
325,2025-12-29T14:21:22.136134+00:00,2025-12-29T14:21:41.901817+00:00,2,1,54.405917,18.666083,0.900000,2.383333
326,2025-12-29T14:24:46.651003+00:00,2025-12-29T14:25:03.409854+00:00,2,1,26.086655,-80.114200,25.759265,-79.297548
327,2025-12-29T14:41:04.502152+00:00,2025-12-29T14:42:58.514147+00:00,2,1,56.153817,10.239433,56.048217,10.803200
328,2025-12-29T14:43:55.423418+00:00,2025-12-29T14:44:58.852457+00:00,2,1,53.347412,-6.192771,53.518640,-3.112130
329,2025-12-29T14:50:58.747813+00:00,2025-12-29T18:47:18.842474+00:00,8,1,55.586021,20.715154,55.415217,20.568142
330,2025-12-29T14:57:18.938201+00:00,2025-12-29T18:56:39.307000+00:00,9,1,55.401897,20.610965,55.748146,20.295934
331,2025-12-29T14:57:46.585613+00:00,2025-12-29T14:58:17.797061+00:00,2,1,48.959600,-57.942533,49.070283,-58.317533
332,2025-12-29T15:06:51.613148+00:00,2025-12-29T15:10:17.752107+00:00,2,1,43.356958,-3.048840,46.981682,-5.282510
333,2025-12-29T15:15:18.221485+00:00,2025-12-30T11:10:55.248529+00:00,7,4,44.691379,37.880521,44.712821,37.830964
334,2025-12-29T15:21:04.787765+00:00,2025-12-29T15:21:04.787765+00:00,1,1,40.762500,13.980332,4.066667,0.216667
335,2025-12-29T15:21:13.132492+00:00,2025-12-29T15:21:13.132492+00:00,1,1,55.578770,20.729600,55.320342,20.583400
336,2025-12-29T15:22:42.209415+00:00,2025-12-29T15:24:01.271326+00:00,2,1,52.590029,3.017806,52.589640,1.590695
337,2025-12-29T15:23:02.087225+00:00,2025-12-30T13:39:39.485125+00:00,15,1,51.312251,3.542764,51.317500,2.583149
338,2025-12-29T15:28:00.740195+00:00,2025-12-29T15:28:16.236620+00:00,2,1,38.994183,-0.150217,36.833450,-2.475417
339,2025-12-29T15:42:50.310864+00:00,2025-12-29T15:42:50.310864+00:00,1,1,10.298793,123.912133,25.263195,-80.266343
340,2025-12-29T15:42:55.355487+00:00,2025-12-29T15:43:04.100490+00:00,2,1,26.086638,-80.114200,24.492040,-81.802948
341,2025-12-29T15:43:46.872249+00:00,2025-12-29T15:43:53.615522+00:00,2,1,51.282015,4.366310,51.435050,4.004660
342,2025-12-29T15:44:09.487833+00:00,2025-12-29T15:44:27.035597+00:00,2,1,51.246067,4.382800,51.431233,3.979400
343,2025-12-29T15:44:27.884158+00:00,2025-12-29T15:45:39.954854+00:00,2,1,44.403045,8.898883,43.452688,10.213550
344,2025-12-29T15:46:30.986524+00:00,2025-12-29T15:47:57.515749+00:00,2,1,53.347416,-6.192775,53.488245,-3.087723
345,2025-12-29T15:54:10.405847+00:00,2025-12-29T15:54:39.793731+00:00,2,1,44.403045,8.898883,42.478987,9.918883
346,2025-12-29T15:58:31.203250+00:00,2025-12-29T15:58:31.203250+00:00,1,1,-40.205287,145.770763,-40.286365,145.824857
347,2025-12-29T16:00:05.407424+00:00,2025-12-29T16:00:16.634866+00:00,2,1,51.246067,4.382800,43.303217,-9.736300
348,2025-12-29T16:00:28.516546+00:00,2025-12-29T16:00:28.516546+00:00,1,1,25.322808,-80.221057,10.172212,124.061640
349,2025-12-29T16:06:12.453164+00:00,2025-12-29T16:07:00.744339+00:00,2,1,26.086655,-80.114200,24.799095,-80.403032
350,2025-12-29T16:09:05.589962+00:00,2025-12-29T16:10:01.085040+00:00,2,1,26.086655,-80.114200,24.509360,-80.814150
351,2025-12-29T16:09:23.780260+00:00,2025-12-29T16:09:23.780260+00:00,1,1,48.906780,-123.253588,48.755688,-123.344922
352,2025-12-29T16:09:43.704498+00:00,2025-12-29T16:10:36.200419+00:00,2,1,53.345734,-6.218358,53.359792,-5.991215
353,2025-12-29T16:11:33.185201+00:00,2025-12-29T16:12:07.060349+00:00,2,1,51.246067,4.382800,42.294817,-10.146717
354,2025-12-29T16:16:47.592736+00:00,2025-12-29T16:49:01.442020+00:00,4,1,26.086655,-80.114200,25.752550,-79.289283
355,2025-12-29T16:18:01.412685+00:00,2025-12-30T06:23:34.505445+00:00,2,1,51.634826,4.408153,52.937607,5.033655
356,2025-12-29T16:18:12.623624+00:00,2025-12-29T18:26:12.094233+00:00,4,1,44.731638,37.776343,44.678679,38.348342
357,2025-12-29T16:18:32.919417+00:00,2025-12-29T16:19:55.552509+00:00,2,1,57.693633,10.607917,57.562967,7.375417
358,2025-12-29T16:39:31.076662+00:00,2025-12-29T16:40:02.848369+00:00,2,1,26.086655,-80.114200,25.298453,-79.814423
359,2025-12-29T16:43:31.718185+00:00,2025-12-29T16:44:58.978163+00:00,2,1,10.185878,123.964433,25.714585,-80.100750
360,2025-12-29T16:45:48.672535+00:00,2025-12-30T15:43:28.912815+00:00,9,1,51.507411,0.006857,51.484214,-0.135974
361,2025-12-29T16:47:11.493693+00:00,2025-12-29T16:47:11.493693+00:00,1,1,10.199628,123.938413,25.741827,-80.089823
362,2025-12-29T16:48:23.846064+00:00,2025-12-30T07:21:31.048060+00:00,4,2,52.542645,5.452520,52.659654,5.600295
363,2025-12-29T16:49:58.401444+00:00,2025-12-30T15:40:37.209915+00:00,22,1,51.484042,-0.144931,51.507412,0.006858
364,2025-12-29T16:57:46.672211+00:00,2025-12-29T17:00:39.472546+00:00,2,1,44.403028,8.898898,40.848875,9.984562
365,2025-12-29T17:03:29.157249+00:00,2025-12-29T17:13:21.097053+00:00,2,1,25.902020,-80.066428,10.226332,123.897280
366,2025-12-29T17:11:38.823805+00:00,2025-12-29T17:12:52.310775+00:00,2,1,52.428986,4.768712,52.380073,4.924202
367,2025-12-29T17:15:29.095445+00:00,2025-12-30T02:47:55.291936+00:00,3,2,51.908246,4.318588,52.384326,4.894513
368,2025-12-29T17:16:44.788180+00:00,2025-12-29T17:17:21.946737+00:00,2,1,55.651517,21.158683,55.152842,12.885447
369,2025-12-29T17:17:29.053515+00:00,2025-12-29T17:17:29.053515+00:00,1,1,33.708500,-118.250227,33.616257,-118.272640
370,2025-12-29T17:21:42.700345+00:00,2025-12-29T18:51:20.696063+00:00,3,1,55.578788,20.728748,55.749542,20.302069
371,2025-12-29T17:24:10.198157+00:00,2025-12-29T17:25:10.566979+00:00,2,1,26.032407,-80.062263,10.280692,123.896400
372,2025-12-29T17:25:11.013032+00:00,2025-12-29T17:25:11.013032+00:00,1,1,33.665693,-118.257788,33.567018,-118.287345
373,2025-12-29T17:26:23.023447+00:00,2025-12-29T17:29:43.028600+00:00,2,1,52.408068,4.777759,47.678295,-136.685827
374,2025-12-29T17:27:03.840778+00:00,2025-12-29T17:28:23.496007+00:00,2,1,55.646237,21.160194,55.308843,20.581633
375,2025-12-29T17:28:23.111281+00:00,2025-12-29T17:28:23.111281+00:00,1,1,33.645080,-118.264075,33.546232,-118.291252
376,2025-12-29T17:30:13.151280+00:00,2025-12-29T17:31:00.500466+00:00,2,1,26.086655,-80.114200,24.422097,-81.001950
377,2025-12-29T17:31:18.602546+00:00,2025-12-29T17:34:31.373959+00:00,6,1,26.100669,-80.062142,10.293157,123.911440
378,2025-12-29T17:35:14.306921+00:00,2025-12-29T21:48:28.743811+00:00,8,1,26.063131,-80.084309,24.558932,-81.809068
379,2025-12-29T17:36:28.282098+00:00,2025-12-29T17:36:28.282098+00:00,1,1,44.546915,37.480693,44.762127,37.727753
380,2025-12-29T17:37:49.495011+00:00,2025-12-29T17:41:38.434501+00:00,3,1,26.150953,-80.058952,10.298271,123.912369
381,2025-12-29T17:42:16.580622+00:00,2025-12-29T17:44:18.208159+00:00,2,1,51.894297,4.233052,63.116165,-16.896805
382,2025-12-29T17:44:37.298090+00:00,2025-12-29T17:47:58.755001+00:00,2,1,53.347411,-6.192773,53.522380,-3.349325
383,2025-12-29T17:48:30.439238+00:00,2025-12-29T17:49:02.571929+00:00,2,1,51.281957,4.366270,63.656032,4.811147
384,2025-12-29T17:57:53.600739+00:00,2025-12-29T17:57:53.600739+00:00,1,1,44.720247,37.781660,46.298700,38.709622
385,2025-12-29T18:00:08.594270+00:00,2025-12-29T18:00:08.594270+00:00,1,1,46.298700,38.709622,44.682160,38.624423
386,2025-12-29T18:01:05.386969+00:00,2025-12-29T18:01:05.386969+00:00,1,1,55.566320,20.270342,55.567155,20.602497
387,2025-12-29T18:01:25.432311+00:00,2025-12-29T18:05:18.151974+00:00,2,1,51.894293,4.233037,63.492252,-20.192392
388,2025-12-29T18:03:40.761068+00:00,2025-12-29T18:03:40.761068+00:00,1,1,44.682160,38.624423,44.552653,37.955658
389,2025-12-29T18:11:57.729753+00:00,2025-12-29T18:12:27.173361+00:00,2,1,53.346879,-6.192435,53.520605,-3.235110
390,2025-12-29T18:18:23.900398+00:00,2025-12-29T18:18:23.900398+00:00,1,1,33.756417,-118.189335,33.657778,-118.208640
391,2025-12-29T18:31:17.826924+00:00,2025-12-29T18:31:17.826924+00:00,1,1,55.332018,20.574712,55.579160,20.729062
392,2025-12-29T18:31:29.771432+00:00,2025-12-29T18:33:38.047359+00:00,2,1,29.845928,-93.968485,23.072817,-86.444430
393,2025-12-29T18:36:01.751829+00:00,2025-12-29T18:36:28.410271+00:00,2,1,44.403044,8.898892,40.449008,9.909765
394,2025-12-29T18:36:54.064689+00:00,2025-12-29T20:10:01.463183+00:00,4,1,26.086655,-80.114200,24.478550,-80.872339
395,2025-12-29T18:39:31.548548+00:00,2025-12-29T18:39:59.521994+00:00,2,1,55.646362,21.160254,55.000027,20.999975
396,2025-12-29T18:39:41.049011+00:00,2025-12-29T18:39:41.049011+00:00,1,1,52.496020,4.591362,52.881368,3.533915
397,2025-12-29T18:39:48.653723+00:00,2025-12-29T18:40:03.182960+00:00,2,1,26.086655,-80.114200,24.307752,-81.694963
398,2025-12-29T18:40:47.365005+00:00,2025-12-29T18:40:47.365005+00:00,1,1,52.881368,3.533915,53.006903,3.023685
399,2025-12-29T18:41:16.530234+00:00,2025-12-29T18:41:16.530234+00:00,1,1,53.006903,3.023685,53.050132,2.775045
400,2025-12-29T18:43:16.544597+00:00,2025-12-29T18:43:16.544597+00:00,1,1,53.050132,2.775045,53.177620,2.161293
401,2025-12-29T18:44:16.541308+00:00,2025-12-29T18:45:16.530572+00:00,2,1,53.246913,1.853074,53.248272,1.853618
402,2025-12-29T18:46:09.497037+00:00,2025-12-29T18:46:22.566672+00:00,2,1,44.347667,8.690120,44.417767,8.792267
403,2025-12-29T18:46:16.695025+00:00,2025-12-29T18:47:16.622066+00:00,2,1,53.378552,1.236274,53.381753,1.234657
404,2025-12-29T18:48:16.646638+00:00,2025-12-29T18:49:16.623857+00:00,2,1,53.499979,0.618167,53.500125,0.618797
405,2025-12-29T18:48:21.856266+00:00,2025-12-29T23:20:29.364876+00:00,4,1,51.894844,4.232485,63.813358,-21.163239
406,2025-12-29T18:50:16.623593+00:00,2025-12-29T18:51:16.194420+00:00,2,1,53.616805,-0.001197,53.617263,-0.001355
407,2025-12-29T18:52:16.158090+00:00,2025-12-29T18:53:16.158622+00:00,2,1,53.730315,-0.619452,53.730813,-0.620348
408,2025-12-29T18:52:50.566921+00:00,2025-12-29T19:11:49.342822+00:00,4,1,46.061200,-73.096829,48.259747,-69.142466
409,2025-12-29T18:54:16.169279+00:00,2025-12-29T18:54:16.169279+00:00,1,1,53.786082,-0.927870,53.840363,-1.232970
410,2025-12-29T18:54:32.822189+00:00,2025-12-29T18:55:14.374093+00:00,2,1,53.174479,5.429426,52.654000,5.542833
411,2025-12-29T18:59:28.687030+00:00,2025-12-29T19:25:31.521843+00:00,2,1,43.593931,-5.687836,54.275742,9.632518
412,2025-12-29T19:07:18.042291+00:00,2025-12-29T19:08:19.267383+00:00,2,1,33.725940,-118.181919,33.616122,-118.203847
413,2025-12-29T19:23:15.992519+00:00,2025-12-29T19:23:15.992519+00:00,1,1,55.331470,20.575142,55.676052,21.144538
414,2025-12-29T19:24:23.407702+00:00,2025-12-29T19:26:12.916849+00:00,2,1,-37.816817,144.922496,-38.060648,149.531303
415,2025-12-29T19:25:19.334874+00:00,2025-12-29T19:26:03.108261+00:00,2,1,51.281998,4.366280,51.347203,4.260080
416,2025-12-29T19:25:32.265566+00:00,2025-12-29T19:26:55.107890+00:00,2,1,53.344995,-6.195913,53.347498,-6.035333
417,2025-12-29T19:26:27.952222+00:00,2025-12-29T19:26:28.699822+00:00,2,1,44.297992,8.975957,44.400728,8.900292
418,2025-12-29T19:27:48.330590+00:00,2025-12-29T19:30:47.185383+00:00,2,1,51.980394,5.899582,52.425992,5.166488
419,2025-12-29T19:32:49.660369+00:00,2025-12-29T20:12:20.137637+00:00,24,11,32.891659,34.953515,31.716424,35.999796
420,2025-12-29T19:37:47.959958+00:00,2025-12-29T19:37:47.959958+00:00,1,1,9.191612,99.379887,13.628868,100.541218
421,2025-12-29T19:39:05.112310+00:00,2025-12-29T19:39:05.112310+00:00,1,1,51.894298,4.233043,52.079693,3.609405
422,2025-12-29T19:40:07.445396+00:00,2025-12-29T19:43:58.795176+00:00,2,1,51.986996,3.921224,58.719793,-3.127357
423,2025-12-29T19:40:24.423695+00:00,2025-12-29T19:43:00.434216+00:00,2,1,26.086655,-80.114217,24.481745,-81.802010
424,2025-12-29T19:40:36.907306+00:00,2025-12-29T19:40:36.907306+00:00,1,1,32.938198,34.923217,31.723870,36.003417
425,2025-12-29T19:44:46.912542+00:00,2025-12-29T19:52:30.766415+00:00,2,1,31.735682,36.004363,32.939555,34.928372
426,2025-12-29T19:53:13.868362+00:00,2025-12-29T19:53:32.214377+00:00,2,1,51.500383,0.513331,51.470147,0.308953
427,2025-12-29T19:53:21.007478+00:00,2025-12-29T19:55:57.671157+00:00,2,1,51.894296,4.233039,51.980648,4.073702
428,2025-12-29T19:53:32.720634+00:00,2025-12-29T19:54:59.175980+00:00,2,1,56.153800,10.239433,56.275867,11.107500
429,2025-12-29T19:56:31.311704+00:00,2025-12-29T19:56:31.311704+00:00,1,1,31.791410,36.019962,31.915738,36.064127
430,2025-12-29T19:57:39.358699+00:00,2025-12-29T19:59:13.280354+00:00,2,1,-37.816825,144.922497,-38.668525,148.304777
431,2025-12-29T19:58:32.856276+00:00,2025-12-29T19:58:32.856276+00:00,1,1,31.970423,36.079537,32.940577,34.934428
432,2025-12-29T19:59:57.205338+00:00,2025-12-29T20:22:52.017182+00:00,2,1,32.137007,34.219916,31.716438,35.999718
433,2025-12-29T20:02:31.777550+00:00,2025-12-29T20:05:49.439111+00:00,2,1,46.061245,-73.096838,46.440320,-72.282897
434,2025-12-29T20:04:09.068128+00:00,2025-12-29T20:21:11.537591+00:00,2,1,32.820952,35.007248,32.453402,35.339380
435,2025-12-29T20:05:34.857217+00:00,2025-12-29T20:07:37.409559+00:00,2,1,53.345731,-6.218345,54.034275,-2.915253
436,2025-12-29T20:11:08.606653+00:00,2025-12-29T20:14:43.951181+00:00,2,1,53.171503,5.411887,52.397213,4.884875
437,2025-12-29T20:15:21.950951+00:00,2025-12-30T15:33:19.958676+00:00,4,1,38.994175,-0.150217,60.482742,26.949175
438,2025-12-29T20:15:45.406760+00:00,2025-12-29T20:16:06.613771+00:00,2,1,26.086655,-80.114200,25.618972,-79.480273
439,2025-12-29T20:20:06.331965+00:00,2025-12-29T20:20:16.465581+00:00,2,1,52.378464,4.897817,-87.431890,3.068483
440,2025-12-29T20:22:19.482275+00:00,2025-12-29T20:24:24.965537+00:00,2,1,26.770488,-80.053068,51.960532,4.054408
441,2025-12-29T20:27:11.373225+00:00,2025-12-29T20:28:01.242938+00:00,2,1,26.086655,-80.114200,24.336523,-81.333238
442,2025-12-29T20:31:31.370379+00:00,2025-12-29T20:32:31.471554+00:00,2,1,25.174966,55.200987,2.850000,45.200960
443,2025-12-29T20:32:09.286184+00:00,2025-12-29T20:33:53.026605+00:00,2,1,46.061328,-73.096781,46.674235,-71.830270
444,2025-12-29T20:44:12.197272+00:00,2025-12-29T20:45:13.028955+00:00,2,1,33.720475,-118.181736,33.616062,-118.221238
445,2025-12-29T20:46:32.301522+00:00,2025-12-30T22:37:34.330856+00:00,2,2,33.703415,-118.190188,33.597493,-118.229485
446,2025-12-29T20:53:35.253260+00:00,2025-12-29T20:53:35.253260+00:00,1,1,0.033333,55.200987,25.174963,5.850000
447,2025-12-29T21:04:17.928879+00:00,2025-12-29T21:04:17.928879+00:00,1,1,-34.773333,-57.379460,-34.812378,-57.191452
448,2025-12-29T21:11:06.327284+00:00,2025-12-29T21:11:06.327284+00:00,1,1,54.101185,-6.263688,54.030148,-2.938235
449,2025-12-29T21:21:15.617769+00:00,2025-12-29T21:23:15.625883+00:00,2,1,44.474086,33.685581,44.531450,33.670987
450,2025-12-29T21:28:15.246634+00:00,2025-12-29T21:28:58.714121+00:00,2,1,51.894293,4.233045,52.017775,3.750560
451,2025-12-29T21:29:05.353305+00:00,2025-12-29T21:30:42.117152+00:00,2,1,56.061947,15.295015,53.539713,9.910922
452,2025-12-29T21:29:31.496328+00:00,2025-12-29T21:30:23.119966+00:00,2,1,51.281987,4.366309,51.799715,3.326357
453,2025-12-29T21:31:35.205233+00:00,2025-12-29T21:31:35.205233+00:00,1,1,44.496813,34.180472,44.588368,33.580598
454,2025-12-29T21:34:32.350211+00:00,2025-12-30T13:35:29.014503+00:00,4,1,54.388829,18.670454,0.083333,2.400000
455,2025-12-29T21:36:09.189796+00:00,2025-12-29T21:39:58.134533+00:00,2,1,56.153800,10.239433,53.590183,8.518467
456,2025-12-29T21:40:11.494231+00:00,2025-12-29T21:41:42.583831+00:00,2,1,52.406427,4.886898,-57.694040,0.006900
457,2025-12-29T21:40:35.641218+00:00,2025-12-30T13:55:07.444582+00:00,4,2,52.373382,4.911063,-7.045900,0.006900
458,2025-12-29T21:46:58.021787+00:00,2025-12-29T21:46:58.021787+00:00,1,1,-34.865080,-56.773997,-34.887422,-56.605788
459,2025-12-29T21:47:34.337457+00:00,2025-12-29T21:47:37.180844+00:00,2,1,37.946964,23.640297,37.099863,25.125597
460,2025-12-29T21:52:56.774172+00:00,2025-12-29T21:54:57.692506+00:00,2,1,56.153800,10.239433,56.284317,11.117333
461,2025-12-29T21:54:10.275425+00:00,2025-12-29T21:54:10.275425+00:00,1,1,53.840363,-1.232970,52.496437,4.591300
462,2025-12-29T21:55:21.071480+00:00,2025-12-29T21:55:49.871126+00:00,2,1,51.317675,2.582742,51.379467,2.911683
463,2025-12-29T22:01:35.169658+00:00,2025-12-29T22:01:53.822599+00:00,2,1,51.894290,4.233055,53.502542,1.772952
464,2025-12-29T22:05:24.213222+00:00,2025-12-29T22:05:24.213222+00:00,1,1,55.578953,20.728048,55.663068,21.128322
465,2025-12-29T22:06:25.115412+00:00,2025-12-29T22:09:03.183001+00:00,2,1,51.894289,4.233055,58.688528,-3.024197
466,2025-12-29T22:11:36.741448+00:00,2025-12-29T22:11:36.741448+00:00,1,1,43.919728,38.884953,44.716847,37.850337
467,2025-12-29T22:14:38.634126+00:00,2025-12-29T22:18:03.328701+00:00,2,1,51.894288,4.233055,61.933452,-6.940197
468,2025-12-29T22:28:35.755411+00:00,2025-12-29T22:30:03.749357+00:00,2,1,51.894287,4.233057,61.950490,-6.687482
469,2025-12-29T22:32:51.192605+00:00,2025-12-30T09:21:57.880346+00:00,4,2,52.502018,5.003711,52.519041,5.437631
470,2025-12-29T22:32:52.809487+00:00,2025-12-29T22:35:12.435003+00:00,2,1,53.345726,-6.218343,53.921888,-3.206330
471,2025-12-29T22:39:03.634846+00:00,2025-12-29T22:39:03.634846+00:00,1,1,44.369757,33.802245,44.495573,34.182113
472,2025-12-29T22:43:38.110750+00:00,2025-12-29T22:43:38.110750+00:00,1,1,33.558967,-118.247062,33.667418,-118.205155
473,2025-12-29T22:48:39.915446+00:00,2025-12-29T22:51:03.419018+00:00,2,1,51.902289,5.638422,52.301792,4.906462
474,2025-12-29T22:51:38.942983+00:00,2025-12-29T22:53:18.180368+00:00,2,1,56.061882,15.294641,54.288505,9.653647
475,2025-12-29T23:00:44.291075+00:00,2025-12-29T23:01:52.419590+00:00,2,1,51.894300,4.233050,63.860035,-21.364185
476,2025-12-29T23:10:11.759210+00:00,2025-12-29T23:48:45.850650+00:00,2,1,19.631598,-156.003750,21.314017,-158.504382
477,2025-12-29T23:10:43.434953+00:00,2025-12-29T23:11:30.444422+00:00,2,1,51.894307,4.233083,57.728937,-1.701583
478,2025-12-29T23:16:22.308078+00:00,2025-12-29T23:17:22.383233+00:00,2,1,51.867492,4.321422,52.026007,3.971137
479,2025-12-29T23:22:13.767185+00:00,2025-12-29T23:23:47.101678+00:00,2,1,59.420850,5.248283,57.135100,-2.049933
480,2025-12-29T23:25:45.261093+00:00,2025-12-29T23:25:45.261093+00:00,1,1,33.710743,-118.254443,33.659550,-118.350838
481,2025-12-29T23:28:06.025665+00:00,2025-12-29T23:28:06.025665+00:00,1,1,33.655508,-118.359660,33.696775,-118.254357
482,2025-12-29T23:31:54.468534+00:00,2025-12-29T23:33:17.649305+00:00,2,1,53.345732,-6.218346,53.998003,-2.985245
483,2025-12-29T23:32:26.058858+00:00,2025-12-29T23:34:08.430918+00:00,4,1,54.726059,18.991829,54.871308,19.813200
484,2025-12-29T23:35:27.069832+00:00,2025-12-29T23:35:27.069832+00:00,1,1,60.327680,29.065030,59.716933,28.201527
485,2025-12-29T23:39:19.584869+00:00,2025-12-30T06:36:24.616533+00:00,8,2,54.642334,19.038683,54.798758,19.955061
486,2025-12-29T23:40:23.055070+00:00,2025-12-29T23:40:23.055070+00:00,1,1,33.680322,-118.295085,33.579502,-118.419717
487,2025-12-29T23:41:32.131728+00:00,2025-12-30T16:33:20.868124+00:00,6,1,51.799969,4.639387,52.585335,5.834867
488,2025-12-29T23:44:21.804349+00:00,2025-12-29T23:46:08.532717+00:00,2,1,52.463965,4.614620,52.509640,5.399390
489,2025-12-29T23:49:18.396315+00:00,2025-12-29T23:50:08.294424+00:00,2,1,51.317567,2.582692,51.362150,2.744983
490,2025-12-29T23:49:57.656969+00:00,2025-12-29T23:50:50.756572+00:00,2,1,53.359447,5.217078,52.383753,4.893802
491,2025-12-29T23:58:35.882661+00:00,2025-12-29T23:58:35.882661+00:00,1,1,44.767288,37.726612,44.716740,37.837097
492,2025-12-30T00:02:37.018092+00:00,2025-12-30T00:02:37.018092+00:00,1,1,55.332198,20.577733,55.684210,21.151210
493,2025-12-30T00:02:45.110287+00:00,2025-12-30T00:03:45.039452+00:00,2,1,51.821464,4.040313,-2.354970,0.000060
494,2025-12-30T00:08:51.672953+00:00,2025-12-30T00:08:51.672953+00:00,1,1,59.769447,28.131947,60.048087,28.700210
495,2025-12-30T00:16:15.356448+00:00,2025-12-30T03:10:40.778582+00:00,4,1,37.946962,23.640304,37.086087,25.130132
496,2025-12-30T00:17:11.317192+00:00,2025-12-30T00:17:14.658599+00:00,2,1,51.396088,3.028975,51.451282,2.567407
497,2025-12-30T00:38:34.200264+00:00,2025-12-30T00:56:40.464420+00:00,2,1,51.349373,4.269435,52.019352,6.042330
498,2025-12-30T00:43:43.876048+00:00,2025-12-30T00:44:12.835672+00:00,2,1,-37.816820,144.922502,-36.089730,150.633520
499,2025-12-30T00:46:25.350621+00:00,2025-12-30T00:47:50.821108+00:00,2,1,52.425230,4.744431,47.160217,-2.319763
500,2025-12-30T00:46:47.451380+00:00,2025-12-30T03:49:40.395686+00:00,5,2,54.682019,18.985526,54.881917,20.040555
501,2025-12-30T00:49:38.378642+00:00,2025-12-30T00:49:38.378642+00:00,1,1,21.174883,55.200903,25.174887,5.850000
502,2025-12-30T00:55:23.991284+00:00,2025-12-30T19:14:27.211616+00:00,3,1,33.632193,-118.215621,33.736921,-118.180145
503,2025-12-30T00:55:36.216472+00:00,2025-12-30T00:55:36.216472+00:00,1,1,54.785168,18.927445,54.835542,19.980452
504,2025-12-30T01:00:44.034220+00:00,2025-12-30T01:00:44.034220+00:00,1,1,54.833320,19.953508,54.786622,18.922023
505,2025-12-30T01:03:57.066775+00:00,2025-12-30T01:05:29.185650+00:00,2,1,33.565865,-118.256388,33.672277,-118.207405
506,2025-12-30T01:04:43.837112+00:00,2025-12-30T01:05:49.576498+00:00,2,1,52.425233,4.744433,47.437722,-3.776972
507,2025-12-30T01:15:25.432177+00:00,2025-12-30T01:15:25.432177+00:00,1,1,60.282378,20.066403,59.855077,20.027182
508,2025-12-30T01:20:57.878405+00:00,2025-12-30T09:22:43.803681+00:00,3,1,51.461496,4.006889,51.823533,4.915690
509,2025-12-30T01:24:49.286466+00:00,2025-12-30T01:30:56.891023+00:00,2,1,52.370068,4.997978,24.437027,15.359995
510,2025-12-30T01:34:02.708855+00:00,2025-12-30T01:35:50.681226+00:00,2,1,52.425236,4.744442,51.186540,1.962612
511,2025-12-30T01:55:45.578551+00:00,2025-12-30T01:56:53.969575+00:00,2,1,52.459486,4.561290,51.914207,4.485607
512,2025-12-30T01:58:12.812342+00:00,2025-12-30T02:02:31.605596+00:00,2,1,1.295872,103.939253,1.234381,104.014050
513,2025-12-30T02:05:27.997490+00:00,2025-12-30T14:38:51.034103+00:00,8,1,52.425234,4.744448,47.304908,-2.114273
514,2025-12-30T02:06:04.803112+00:00,2025-12-30T02:06:14.514841+00:00,2,1,59.719096,19.069215,59.811600,19.117555
515,2025-12-30T02:09:59.142095+00:00,2025-12-30T02:11:05.569654+00:00,2,1,51.246067,4.382800,45.843333,-7.855767
516,2025-12-30T02:19:58.504719+00:00,2025-12-30T02:20:27.717295+00:00,2,1,53.433098,5.774552,54.084930,5.063027
517,2025-12-30T02:25:47.965434+00:00,2025-12-30T02:26:25.367717+00:00,2,1,51.427890,3.577913,51.469495,2.605643
518,2025-12-30T02:27:22.497553+00:00,2025-12-30T22:34:54.888952+00:00,8,1,37.931962,23.639711,37.088448,25.148030
519,2025-12-30T02:28:39.610981+00:00,2025-12-30T02:28:39.610981+00:00,1,1,44.592287,38.463577,44.765380,37.742773
520,2025-12-30T02:42:37.469282+00:00,2025-12-30T02:42:41.282080+00:00,2,1,54.098222,12.105908,54.197070,12.004553
521,2025-12-30T02:44:16.292414+00:00,2025-12-30T02:44:38.713817+00:00,2,1,49.434267,0.111795,49.474302,-0.091178
522,2025-12-30T02:50:10.849385+00:00,2025-12-30T02:50:55.150097+00:00,2,1,51.282003,4.366292,51.380045,4.154823
523,2025-12-30T02:58:07.664924+00:00,2025-12-30T02:58:20.632548+00:00,2,1,51.346056,3.208483,51.530245,2.272617
524,2025-12-30T03:01:58.714065+00:00,2025-12-30T03:36:54.318545+00:00,3,1,54.618829,19.004701,54.705084,19.680816
525,2025-12-30T03:04:25.888979+00:00,2025-12-30T12:32:49.439518+00:00,6,1,52.425223,4.744448,47.126907,-2.421292
526,2025-12-30T03:10:56.710696+00:00,2025-12-30T03:11:35.167090+00:00,2,1,53.237284,6.210012,52.378177,4.934988
527,2025-12-30T03:13:46.840064+00:00,2025-12-30T03:15:16.124512+00:00,2,1,51.681752,4.578466,51.289533,0.013950
528,2025-12-30T03:15:56.383205+00:00,2025-12-30T03:36:28.602745+00:00,3,1,54.824658,19.921677,54.798624,19.956785
529,2025-12-30T03:18:19.839921+00:00,2025-12-30T03:18:19.839921+00:00,1,1,10.304955,123.936310,31.524288,34.613408
530,2025-12-30T03:37:28.122646+00:00,2025-12-30T03:39:56.772434+00:00,2,1,52.454292,5.825365,52.387385,4.946945
531,2025-12-30T03:40:25.327820+00:00,2025-12-30T03:40:56.099643+00:00,2,1,51.355072,1.843599,-27.288168,1.570160
532,2025-12-30T03:40:51.663802+00:00,2025-12-30T03:41:53.246471+00:00,2,1,58.612727,17.749425,-2.607075,4.647215
533,2025-12-30T03:44:08.505365+00:00,2025-12-30T03:45:08.534361+00:00,2,1,52.377427,4.900461,-29.761032,0.006900
534,2025-12-30T03:58:38.646181+00:00,2025-12-30T04:08:34.465599+00:00,2,1,44.580577,38.196258,44.724678,37.768693
535,2025-12-30T03:59:35.891663+00:00,2025-12-30T04:11:48.335212+00:00,2,1,52.024433,5.113905,51.228003,3.225727
536,2025-12-30T04:00:24.349168+00:00,2025-12-30T04:03:38.436892+00:00,2,1,54.614127,19.020397,54.433925,19.898622
537,2025-12-30T04:01:58.243059+00:00,2025-12-30T04:02:15.585488+00:00,2,1,51.281976,4.366280,51.369343,4.116405
538,2025-12-30T04:05:05.712769+00:00,2025-12-30T06:49:46.626334+00:00,5,1,54.611219,19.049916,54.882228,20.035644
539,2025-12-30T04:08:17.855384+00:00,2025-12-30T04:09:43.607426+00:00,2,1,51.342177,3.212823,51.470150,0.308672
540,2025-12-30T04:09:09.254413+00:00,2025-12-30T04:09:58.748088+00:00,2,1,56.153800,10.239433,53.766667,8.180767
541,2025-12-30T04:22:00.560764+00:00,2025-12-30T04:23:53.030227+00:00,2,1,53.177494,5.414613,52.424888,4.852003
542,2025-12-30T04:23:10.439549+00:00,2025-12-30T04:24:42.899803+00:00,2,1,51.342176,3.212821,51.481660,0.940398
543,2025-12-30T04:33:16.562784+00:00,2025-12-30T04:33:40.867385+00:00,2,1,54.098237,12.105942,54.268082,11.538747
544,2025-12-30T04:44:30.853045+00:00,2025-12-30T04:48:51.773406+00:00,2,1,49.144571,-123.861702,42.153605,-123.788577
545,2025-12-30T04:46:57.370968+00:00,2025-12-30T04:46:57.370968+00:00,1,1,44.733918,37.772035,45.352303,37.996593
546,2025-12-30T04:47:05.758499+00:00,2025-12-30T04:50:50.894343+00:00,2,1,52.425231,4.744447,52.017452,2.998042
547,2025-12-30T04:49:15.819484+00:00,2025-12-30T04:49:15.819484+00:00,1,1,45.353623,37.996247,45.177920,37.886758
548,2025-12-30T04:51:55.589348+00:00,2025-12-30T22:28:49.226048+00:00,6,4,45.167204,37.880609,44.719977,37.797885
549,2025-12-30T04:53:55.589788+00:00,2025-12-30T04:56:35.517614+00:00,2,1,44.697617,37.827921,45.998973,38.565530
550,2025-12-30T05:04:13.704805+00:00,2025-12-30T05:06:01.434372+00:00,2,1,51.738955,5.150338,52.310745,5.243753
551,2025-12-30T05:05:10.616311+00:00,2025-12-30T05:06:43.746071+00:00,2,1,51.342174,3.212825,51.573262,2.664715
552,2025-12-30T05:11:35.125426+00:00,2025-12-30T05:12:06.339457+00:00,2,1,53.345732,-6.218352,53.719343,-4.489568
553,2025-12-30T05:13:31.510994+00:00,2025-12-30T15:19:15.206658+00:00,8,1,51.453855,3.720356,51.409296,3.248503
554,2025-12-30T05:18:55.646887+00:00,2025-12-30T21:38:11.476353+00:00,4,1,-37.816823,144.922500,-38.184479,149.348248
555,2025-12-30T05:20:11.868560+00:00,2025-12-30T05:20:11.868560+00:00,1,1,25.174932,5.850000,2.850000,55.201010
556,2025-12-30T05:23:52.175227+00:00,2025-12-30T05:24:43.523633+00:00,2,1,46.061552,-73.096696,48.133645,-69.740503
557,2025-12-30T05:27:47.155494+00:00,2025-12-30T05:29:04.669104+00:00,2,1,51.453861,3.720353,51.494602,2.618468
558,2025-12-30T05:32:18.116273+00:00,2025-12-30T19:28:59.343232+00:00,4,1,51.342177,3.212830,51.495567,1.061777
559,2025-12-30T05:32:38.427833+00:00,2025-12-30T05:33:40.401626+00:00,2,1,54.607703,19.041706,54.882933,20.074372
560,2025-12-30T05:33:05.324797+00:00,2025-12-30T20:54:45.161533+00:00,4,1,39.200621,-0.106496,36.805275,-2.470200
561,2025-12-30T05:42:02.367143+00:00,2025-12-30T05:44:14.830506+00:00,2,1,54.607961,19.050677,54.902745,19.175967
562,2025-12-30T05:47:03.210536+00:00,2025-12-30T05:47:03.210536+00:00,1,1,48.757762,-123.440747,49.317678,-123.392980
563,2025-12-30T05:54:03.503998+00:00,2025-12-30T06:00:59.481207+00:00,2,1,56.153800,10.239442,51.698633,1.463817
564,2025-12-30T06:17:29.201880+00:00,2025-12-30T19:49:15.981462+00:00,4,1,51.453856,3.720357,51.474261,2.648397
565,2025-12-30T06:33:55.140968+00:00,2025-12-30T06:34:44.821210+00:00,2,1,51.273308,4.338912,36.180428,140.943105
566,2025-12-30T06:40:28.496104+00:00,2025-12-30T06:41:30.299327+00:00,2,1,54.609733,19.070158,54.436956,19.905489
567,2025-12-30T06:43:46.575178+00:00,2025-12-30T06:44:46.581819+00:00,2,1,54.609772,19.067332,54.883857,20.055415
568,2025-12-30T06:45:46.568191+00:00,2025-12-30T06:45:46.568191+00:00,1,1,54.609468,19.065782,54.871270,20.057350
569,2025-12-30T06:55:43.778168+00:00,2025-12-30T06:57:42.358639+00:00,2,1,51.342176,3.212831,51.597342,2.456700
570,2025-12-30T07:00:26.047615+00:00,2025-12-30T07:02:25.351726+00:00,2,1,63.018403,7.689671,64.351737,87.689672
571,2025-12-30T07:04:32.055645+00:00,2025-12-30T07:06:01.912988+00:00,2,1,51.453853,3.720360,51.397895,3.096437
572,2025-12-30T07:05:16.779407+00:00,2025-12-30T07:05:55.796149+00:00,2,1,54.605078,19.047342,54.544392,20.273533
573,2025-12-30T07:10:44.770866+00:00,2025-12-30T07:11:04.266153+00:00,2,1,46.061371,-73.096609,46.329075,-72.541047
574,2025-12-30T07:17:46.145845+00:00,2025-12-30T07:17:46.145845+00:00,1,1,44.729123,37.779877,42.894815,39.050402
575,2025-12-30T07:19:52.664540+00:00,2025-12-30T07:20:43.943813+00:00,2,1,43.311533,5.362458,43.077443,5.526738
576,2025-12-30T07:23:40.577736+00:00,2025-12-30T19:49:58.531723+00:00,4,1,51.342179,3.212827,51.483714,0.964452
577,2025-12-30T07:24:17.456790+00:00,2025-12-30T07:24:17.456790+00:00,1,1,42.894815,39.050402,44.259963,37.848508
578,2025-12-30T07:24:41.949111+00:00,2025-12-30T07:26:46.099239+00:00,2,1,51.958073,4.074302,53.539677,9.917573
579,2025-12-30T07:26:21.867160+00:00,2025-12-30T07:30:12.259983+00:00,2,1,39.899921,-75.135118,39.489712,-75.560330
580,2025-12-30T07:26:36.155705+00:00,2025-12-30T07:27:16.953694+00:00,2,1,51.246067,4.382800,43.191633,27.647017
581,2025-12-30T07:28:22.961237+00:00,2025-12-30T07:30:22.962606+00:00,2,1,38.941867,-90.353092,38.945442,-90.020050
582,2025-12-30T07:28:26.995399+00:00,2025-12-30T07:28:26.995399+00:00,1,1,46.061328,-73.096548,48.335452,-70.869910
583,2025-12-30T07:28:31.555275+00:00,2025-12-30T07:28:31.555275+00:00,1,1,48.335452,-70.869910,46.643768,-71.744698
584,2025-12-30T07:29:34.542386+00:00,2025-12-30T07:29:34.542386+00:00,1,1,46.643768,-71.744698,46.061350,-73.096527
585,2025-12-30T07:32:42.518230+00:00,2025-12-30T07:33:42.424533+00:00,2,1,51.342177,3.212821,51.520725,2.314155
586,2025-12-30T07:46:55.641439+00:00,2025-12-30T07:46:55.641439+00:00,1,1,40.755550,13.959983,40.093250,13.970782
587,2025-12-30T07:48:47.175512+00:00,2025-12-30T07:48:47.175512+00:00,1,1,44.510390,37.642623,44.705063,37.864150
588,2025-12-30T07:51:56.527376+00:00,2025-12-30T07:54:47.061388+00:00,2,1,53.401318,-3.010333,53.513850,-5.111522
589,2025-12-30T07:52:13.229010+00:00,2025-12-30T07:53:01.967745+00:00,2,1,50.813500,7.027833,50.683250,7.027417
590,2025-12-30T07:52:41.959738+00:00,2025-12-30T15:59:48.287211+00:00,2,2,45.047958,37.708217,44.767097,37.659328
591,2025-12-30T07:57:01.570002+00:00,2025-12-30T07:57:01.570002+00:00,1,1,54.879567,10.982100,54.931183,10.851750
592,2025-12-30T08:04:07.629636+00:00,2025-12-30T23:40:14.536350+00:00,8,1,51.453857,3.720356,40.146795,-8.850513
593,2025-12-30T08:09:41.346111+00:00,2025-12-30T08:12:03.174289+00:00,2,1,51.453850,3.720355,50.271112,-0.413410
594,2025-12-30T08:13:01.186728+00:00,2025-12-30T09:35:19.726517+00:00,4,1,47.304902,-2.114342,47.076015,-2.601217
595,2025-12-30T08:16:24.341085+00:00,2025-12-30T08:17:35.596248+00:00,2,1,51.246067,4.382808,50.184917,-0.645517
596,2025-12-30T08:21:30.217841+00:00,2025-12-30T08:29:32.920221+00:00,2,1,43.594225,-5.686794,45.319825,-5.764698
597,2025-12-30T08:25:52.017764+00:00,2025-12-30T08:25:52.017764+00:00,1,1,29.749902,-95.106305,29.913728,-94.888022
598,2025-12-30T08:44:29.417451+00:00,2025-12-30T08:45:01.914119+00:00,2,1,51.453834,3.720362,49.810305,-2.800040
599,2025-12-30T08:52:12.495491+00:00,2025-12-30T08:52:14.644605+00:00,2,1,59.752167,19.081872,59.657973,18.916835
600,2025-12-30T09:17:39.975852+00:00,2025-12-30T09:21:02.979883+00:00,2,1,51.453850,3.720353,51.465955,2.549828
601,2025-12-30T09:21:27.527594+00:00,2025-12-30T09:21:27.527594+00:00,1,1,44.507825,37.586873,44.628517,37.774348
602,2025-12-30T09:22:51.053550+00:00,2025-12-30T09:22:51.053550+00:00,1,1,44.727010,37.775267,45.247300,38.683970
603,2025-12-30T09:23:01.047101+00:00,2025-12-30T09:24:10.124547+00:00,2,1,51.947446,4.163125,51.893518,4.319365
604,2025-12-30T09:33:28.054267+00:00,2025-12-30T09:34:05.735412+00:00,2,1,55.651517,21.158667,55.747298,20.754370
605,2025-12-30T09:34:48.340085+00:00,2025-12-30T09:35:58.090972+00:00,2,1,51.356351,4.292673,51.356750,4.126123
606,2025-12-30T09:35:07.101940+00:00,2025-12-30T09:38:51.009839+00:00,2,1,52.425225,4.744442,52.467557,4.591138
607,2025-12-30T09:36:24.982869+00:00,2025-12-30T09:38:44.570332+00:00,2,1,43.311532,5.362458,42.592442,6.701735
608,2025-12-30T09:50:32.481691+00:00,2025-12-30T09:50:32.481691+00:00,1,1,45.247300,38.683970,44.173390,38.617473
609,2025-12-30T09:56:59.632982+00:00,2025-12-30T09:57:16.264869+00:00,2,1,51.281979,4.366332,52.035055,3.938157
610,2025-12-30T10:08:58.429158+00:00,2025-12-30T10:08:58.429158+00:00,1,1,51.615528,4.052525,51.622847,0.963162
611,2025-12-30T10:15:47.708985+00:00,2025-12-30T10:15:47.708985+00:00,1,1,59.852667,28.399500,60.037667,28.337833
612,2025-12-30T10:17:45.029759+00:00,2025-12-30T10:41:49.664759+00:00,2,1,59.945170,28.368832,60.408500,28.195333
613,2025-12-30T10:20:22.497638+00:00,2025-12-30T18:58:02.575271+00:00,4,2,59.749316,19.037193,59.752025,19.081320
614,2025-12-30T10:21:04.815430+00:00,2025-12-30T10:21:04.815430+00:00,1,1,-38.983317,147.966500,-38.961967,148.081833
615,2025-12-30T10:21:28.671238+00:00,2025-12-30T10:21:28.671238+00:00,1,1,-41.099300,149.180543,-41.198433,149.134888
616,2025-12-30T10:24:22.994665+00:00,2025-12-30T10:27:13.521219+00:00,2,1,51.453850,3.720371,51.398077,3.087105
617,2025-12-30T10:24:40.751805+00:00,2025-12-30T10:29:06.931351+00:00,2,1,51.941744,4.032299,52.390560,5.068370
618,2025-12-30T10:28:03.618381+00:00,2025-12-30T10:28:03.618381+00:00,1,1,36.484033,28.183472,36.616300,27.736600
619,2025-12-30T10:28:28.188460+00:00,2025-12-30T10:30:13.814866+00:00,2,1,51.453852,3.720369,51.451290,2.599615
620,2025-12-30T10:36:26.620800+00:00,2025-12-30T15:22:56.162123+00:00,4,1,38.241263,21.445072,40.855918,29.269791
621,2025-12-30T10:39:47.083287+00:00,2025-12-30T10:39:47.083287+00:00,1,1,36.418867,27.388882,37.292457,26.754158
622,2025-12-30T10:42:12.187262+00:00,2025-12-30T10:43:44.651452+00:00,2,1,53.401323,-3.010327,53.509412,-3.107155
623,2025-12-30T10:42:54.346266+00:00,2025-12-30T11:24:37.234404+00:00,2,1,52.647658,6.090333,52.492700,5.074922
624,2025-12-30T10:45:13.778726+00:00,2025-12-30T10:45:13.778726+00:00,1,1,37.218307,26.830505,36.446335,28.235880
625,2025-12-30T10:46:17.522062+00:00,2025-12-30T10:46:17.522062+00:00,1,1,36.446335,28.235880,36.171318,29.504788
626,2025-12-30T10:51:09.723774+00:00,2025-12-30T10:51:09.723774+00:00,1,1,52.377425,4.900468,50.520432,7.296997
627,2025-12-30T10:51:35.811013+00:00,2025-12-30T10:52:07.793417+00:00,2,1,54.925808,10.881100,54.876067,11.028667
628,2025-12-30T10:51:56.001978+00:00,2025-12-30T10:56:20.575480+00:00,2,1,59.327417,5.388842,59.218317,5.360250
629,2025-12-30T10:52:10.630694+00:00,2025-12-30T17:03:12.229664+00:00,3,1,36.154939,29.595346,37.941009,23.624424
630,2025-12-30T10:52:41.217949+00:00,2025-12-30T10:54:51.124846+00:00,2,1,62.427303,6.502308,60.192900,2.131850
631,2025-12-30T10:56:43.137661+00:00,2025-12-30T10:57:52.687226+00:00,2,1,51.963589,4.052929,24.001562,0.006888
632,2025-12-30T11:03:57.505329+00:00,2025-12-30T11:07:40.808863+00:00,2,1,51.342173,3.212826,51.470603,0.246582
633,2025-12-30T11:05:30.614719+00:00,2025-12-30T11:05:30.614719+00:00,1,1,44.873583,38.289917,44.761902,37.726387
634,2025-12-30T11:16:56.416272+00:00,2025-12-30T17:06:13.643432+00:00,6,1,37.917385,23.635455,36.542756,26.370403
635,2025-12-30T11:24:57.780724+00:00,2025-12-30T14:58:44.152852+00:00,4,1,53.401310,-3.010321,53.347409,-6.192778
636,2025-12-30T11:26:10.797328+00:00,2025-12-30T11:26:10.797328+00:00,1,1,37.799328,23.690597,37.941003,23.624413
637,2025-12-30T11:32:55.781216+00:00,2025-12-30T11:51:05.890737+00:00,2,1,37.913688,23.056104,37.320038,11.273017
638,2025-12-30T11:36:02.569857+00:00,2025-12-30T11:36:02.569857+00:00,1,1,37.043898,-9.349287,51.769905,-8.257037
639,2025-12-30T11:43:18.178555+00:00,2025-12-30T11:43:40.641762+00:00,2,1,51.342173,3.212821,51.503067,0.589410
640,2025-12-30T11:45:44.822221+00:00,2025-12-30T12:04:27.734241+00:00,2,1,51.813218,4.650285,52.367215,4.895478
641,2025-12-30T11:48:21.855849+00:00,2025-12-30T11:49:15.628845+00:00,2,1,51.453849,3.720354,50.348537,-0.030992
642,2025-12-30T11:57:23.489280+00:00,2025-12-30T12:01:15.227725+00:00,2,1,51.453850,3.720363,51.480678,2.624327
643,2025-12-30T11:58:00.756642+00:00,2025-12-30T11:59:59.143855+00:00,2,1,57.139811,-2.080510,57.915220,1.890392
644,2025-12-30T11:58:15.913885+00:00,2025-12-30T11:59:46.423921+00:00,2,1,51.958082,4.074327,51.913585,4.244320
645,2025-12-30T12:03:15.480552+00:00,2025-12-30T12:05:43.851024+00:00,2,1,43.311516,5.362450,42.261727,7.487617
646,2025-12-30T12:07:25.195883+00:00,2025-12-30T12:08:50.503041+00:00,2,1,52.425220,4.744458,50.693495,1.313880
647,2025-12-30T12:08:22.363969+00:00,2025-12-30T13:59:08.817121+00:00,5,1,37.940997,23.624423,36.547889,26.357043
648,2025-12-30T12:08:32.847184+00:00,2025-12-30T12:08:32.847184+00:00,1,1,51.519037,5.641837,52.385547,4.890500
649,2025-12-30T12:15:59.872528+00:00,2025-12-30T12:16:14.953573+00:00,2,1,51.453833,3.720362,49.835740,-2.680618
650,2025-12-30T12:23:12.412446+00:00,2025-12-30T12:23:12.412446+00:00,1,1,52.660117,5.601987,63.145877,0.006912
651,2025-12-30T12:27:39.941165+00:00,2025-12-30T12:29:49.607723+00:00,2,1,52.425224,4.744452,52.053247,3.047793
652,2025-12-30T12:28:22.572592+00:00,2025-12-30T12:28:22.572592+00:00,1,1,52.659890,0.007423,61.398010,5.600512
653,2025-12-30T12:29:04.141625+00:00,2025-12-30T12:30:04.138712+00:00,2,1,38.955508,-90.672000,38.788883,-90.672017
654,2025-12-30T12:29:26.896936+00:00,2025-12-30T15:27:31.726221+00:00,4,1,37.941003,23.624422,36.533253,26.382418
655,2025-12-30T12:40:51.910314+00:00,2025-12-30T13:04:20.004379+00:00,2,1,43.594163,-5.688316,53.603988,9.584018
656,2025-12-30T13:00:20.932442+00:00,2025-12-30T13:00:20.932442+00:00,1,1,51.769905,-8.257037,38.403568,-9.745162
657,2025-12-30T13:02:34.245060+00:00,2025-12-30T18:41:34.542939+00:00,4,1,37.941003,23.624413,36.858239,25.200110
658,2025-12-30T13:06:01.543609+00:00,2025-12-30T13:09:11.283110+00:00,2,1,53.317432,6.156497,52.397717,4.881998
659,2025-12-30T13:22:24.719241+00:00,2025-12-30T13:24:36.140100+00:00,2,1,51.317592,2.582442,47.933683,-5.405350
660,2025-12-30T13:24:26.276655+00:00,2025-12-30T13:25:32.816647+00:00,2,1,50.942283,6.966162,52.604627,5.644272
661,2025-12-30T13:29:56.458420+00:00,2025-12-30T13:30:49.816578+00:00,2,1,52.922517,5.041782,52.374350,4.955325
662,2025-12-30T13:42:06.257115+00:00,2025-12-30T13:42:06.257115+00:00,1,1,36.636945,27.180538,36.541553,26.372795
663,2025-12-30T13:42:54.811693+00:00,2025-12-30T15:02:43.119058+00:00,4,1,43.311528,5.362458,41.918325,8.752530
664,2025-12-30T13:43:06.094037+00:00,2025-12-30T13:43:06.094037+00:00,1,1,36.541553,26.372795,36.622010,27.844857
665,2025-12-30T13:43:34.178827+00:00,2025-12-30T13:43:34.178827+00:00,1,1,36.622010,27.844857,36.947668,27.000327
666,2025-12-30T13:45:43.579783+00:00,2025-12-30T13:47:12.088387+00:00,2,1,-37.816810,144.922497,-38.013533,149.599323
667,2025-12-30T13:45:55.992608+00:00,2025-12-30T13:47:04.119829+00:00,2,1,52.399631,4.899270,52.400887,4.462350
668,2025-12-30T13:49:51.322549+00:00,2025-12-30T13:49:51.322549+00:00,1,1,36.548080,26.356658,36.957400,27.069720
669,2025-12-30T13:54:24.157087+00:00,2025-12-30T13:54:24.157087+00:00,1,1,51.422700,3.506353,32.767507,34.433673
670,2025-12-30T13:55:43.762441+00:00,2025-12-30T13:56:54.856135+00:00,2,1,52.377465,4.899664,-31.508558,0.512073
671,2025-12-30T13:55:44.869546+00:00,2025-12-30T22:59:12.623720+00:00,4,1,-37.816804,144.922500,-38.188737,149.342303
672,2025-12-30T14:03:17.853391+00:00,2025-12-30T14:04:17.823553+00:00,2,1,51.508050,1.497000,49.216033,-6.587133
673,2025-12-30T14:07:12.304522+00:00,2025-12-30T14:07:49.711125+00:00,2,1,47.095659,-2.479616,47.304905,-2.114335
674,2025-12-30T14:08:22.646836+00:00,2025-12-30T14:10:14.548976+00:00,2,1,51.453861,3.720352,50.423108,0.391822
675,2025-12-30T14:10:55.633918+00:00,2025-12-30T14:11:10.465346+00:00,2,1,37.940987,23.624430,36.281910,28.978882
676,2025-12-30T14:13:42.659384+00:00,2025-12-30T14:16:45.306815+00:00,2,1,53.401313,-3.010324,53.527968,-3.167043
677,2025-12-30T14:16:23.477047+00:00,2025-12-30T14:16:23.477047+00:00,1,1,45.168787,37.886967,44.641997,38.392245
678,2025-12-30T14:17:43.300085+00:00,2025-12-30T14:17:43.300085+00:00,1,1,36.451980,28.237372,36.682098,27.850380
679,2025-12-30T14:24:40.983309+00:00,2025-12-30T14:24:44.572408+00:00,2,1,20.502603,-86.970782,29.307225,-94.631627
680,2025-12-30T14:25:39.618590+00:00,2025-12-30T14:26:57.742064+00:00,2,1,51.872293,2.772583,33.735350,-118.216337
681,2025-12-30T14:25:39.954737+00:00,2025-12-30T14:26:42.999701+00:00,2,1,43.311532,5.362458,41.863137,8.694792
682,2025-12-30T14:36:52.237650+00:00,2025-12-30T14:38:06.600132+00:00,2,1,52.353847,5.620640,-87.927192,177.592183
683,2025-12-30T14:40:01.045220+00:00,2025-12-30T14:41:50.982927+00:00,2,1,52.425234,4.744452,51.253323,2.075885
684,2025-12-30T14:40:42.922652+00:00,2025-12-30T14:41:14.253199+00:00,2,1,51.973971,4.029192,51.883435,4.433053
685,2025-12-30T14:48:20.764993+00:00,2025-12-30T14:51:01.962720+00:00,2,1,37.941003,23.624430,36.826282,25.310330
686,2025-12-30T14:58:00.383316+00:00,2025-12-30T14:58:46.498442+00:00,2,1,34.645344,33.009831,33.517117,34.170837
687,2025-12-30T15:09:00.645349+00:00,2025-12-30T15:09:00.645349+00:00,1,1,63.994207,10.129857,63.857073,9.730778
688,2025-12-30T15:13:40.588183+00:00,2025-12-30T15:14:43.108986+00:00,2,1,43.311532,5.362458,42.272618,7.456352
689,2025-12-30T15:28:20.931350+00:00,2025-12-30T15:28:20.931350+00:00,1,1,51.453865,3.720372,49.285682,-4.208380
690,2025-12-30T15:29:40.212355+00:00,2025-12-30T15:32:49.912715+00:00,2,1,52.425227,4.744447,52.428943,3.840710
691,2025-12-30T15:29:45.012089+00:00,2025-12-30T15:29:45.012089+00:00,1,1,49.285682,-4.208380,51.440738,2.536795
692,2025-12-30T15:31:14.786875+00:00,2025-12-31T00:19:15.814795+00:00,9,1,51.396535,2.583894,51.453859,3.720364
693,2025-12-30T15:52:02.079273+00:00,2025-12-30T16:32:44.286435+00:00,2,1,36.625719,27.168272,36.930042,27.288708
694,2025-12-30T15:53:04.387117+00:00,2025-12-30T15:53:04.387117+00:00,1,1,45.174843,37.896072,44.718503,37.769677
695,2025-12-30T15:55:06.827097+00:00,2025-12-30T15:55:28.051303+00:00,2,1,56.153800,10.239433,56.067083,10.928000
696,2025-12-30T16:06:55.478428+00:00,2025-12-30T16:14:07.609283+00:00,2,1,59.775165,28.350862,59.531333,28.307833
697,2025-12-30T16:08:36.237934+00:00,2025-12-30T16:11:43.938281+00:00,2,1,43.311533,5.362467,42.229070,7.563200
698,2025-12-30T16:17:41.607620+00:00,2025-12-30T16:33:29.164293+00:00,2,1,38.994183,-0.150217,36.827500,-2.464983
699,2025-12-30T16:18:17.579206+00:00,2025-12-30T16:19:17.574170+00:00,2,1,52.373498,4.913353,-3.550635,0.525727
700,2025-12-30T16:20:13.447689+00:00,2025-12-30T16:20:13.447689+00:00,1,1,59.697830,28.302392,59.919213,28.288627
701,2025-12-30T16:21:08.199224+00:00,2025-12-30T16:27:55.130879+00:00,2,1,37.789967,12.436336,-37.507573,26.635082
702,2025-12-30T16:27:16.135228+00:00,2025-12-30T16:28:14.294722+00:00,2,1,51.453866,3.720354,47.027352,-6.932007
703,2025-12-30T16:36:37.143316+00:00,2025-12-30T16:37:25.807949+00:00,2,1,51.246063,4.382053,58.996297,4.019330
704,2025-12-30T16:45:53.583187+00:00,2025-12-30T16:45:53.583187+00:00,1,1,33.734493,-118.174135,33.635268,-118.203682
705,2025-12-30T16:45:59.011046+00:00,2025-12-30T16:45:59.011046+00:00,1,1,44.558873,38.719873,44.254935,37.850038
706,2025-12-30T16:47:16.291231+00:00,2025-12-30T16:48:41.848147+00:00,2,1,37.941002,23.624428,37.286660,24.351310
707,2025-12-30T16:47:25.080314+00:00,2025-12-30T16:48:25.767399+00:00,2,1,33.747228,-118.178874,33.636230,-118.192952
708,2025-12-30T16:48:09.020869+00:00,2025-12-30T16:48:09.020869+00:00,1,1,33.626847,-118.206418,33.725272,-118.181442
709,2025-12-30T16:48:27.469828+00:00,2025-12-30T16:54:52.134689+00:00,2,1,50.214474,-125.378195,49.277038,-123.316607
710,2025-12-30T16:50:11.766509+00:00,2025-12-30T16:51:53.786780+00:00,2,1,51.342175,3.212822,51.617367,2.144240
711,2025-12-30T16:53:15.033507+00:00,2025-12-30T16:53:28.033920+00:00,2,1,51.918174,4.490772,52.312745,5.052638
712,2025-12-30T16:53:28.303310+00:00,2025-12-30T18:04:22.321840+00:00,2,1,43.594456,-5.688858,54.124855,9.329203
713,2025-12-30T16:57:00.985747+00:00,2025-12-30T16:58:00.054640+00:00,2,1,51.342176,3.212821,51.498422,0.496580
714,2025-12-30T16:59:05.982166+00:00,2025-12-30T16:59:05.982166+00:00,1,1,33.548808,-118.233200,33.645162,-118.200555
715,2025-12-30T17:02:53.729294+00:00,2025-12-30T17:02:53.729294+00:00,1,1,33.622150,-118.207905,33.512865,-118.245803
716,2025-12-30T17:06:09.188617+00:00,2025-12-30T17:06:09.188617+00:00,1,1,33.497677,-118.251332,33.592845,-118.218033
717,2025-12-30T17:07:25.137635+00:00,2025-12-30T17:07:25.137635+00:00,1,1,18.129250,-63.405917,36.446327,-8.018610
718,2025-12-30T17:08:40.322660+00:00,2025-12-30T17:11:28.733115+00:00,2,1,44.619405,37.894142,45.554938,37.224927
719,2025-12-30T17:09:12.194161+00:00,2025-12-30T17:09:12.194161+00:00,1,1,33.585558,-118.220600,33.468817,-118.263678
720,2025-12-30T17:12:12.626737+00:00,2025-12-30T17:12:33.863538+00:00,2,1,53.409218,6.203964,-84.298438,8.454132
721,2025-12-30T17:15:29.976259+00:00,2025-12-30T17:18:38.730817+00:00,2,1,29.845923,-93.968488,23.041353,-86.394010
722,2025-12-30T17:17:03.399935+00:00,2025-12-30T17:17:03.399935+00:00,1,1,53.388138,-6.068900,53.262278,-5.946192
723,2025-12-30T17:17:53.672883+00:00,2025-12-30T17:17:53.672883+00:00,1,1,33.200628,34.793378,33.201337,34.903102
724,2025-12-30T17:20:00.723854+00:00,2025-12-30T17:20:00.723854+00:00,1,1,44.517678,38.019333,44.696553,37.856055
725,2025-12-30T17:24:10.500226+00:00,2025-12-30T17:24:56.074893+00:00,2,1,51.246052,4.382061,51.355847,3.890965
726,2025-12-30T17:25:57.650568+00:00,2025-12-30T17:25:57.650568+00:00,1,1,33.681905,-118.250565,33.581603,-118.271260
727,2025-12-30T17:29:17.800744+00:00,2025-12-30T17:29:17.800744+00:00,1,1,33.659228,-118.254582,33.559338,-118.275868
728,2025-12-30T17:34:10.433819+00:00,2025-12-30T19:47:53.384666+00:00,2,1,42.055140,11.775383,51.896532,4.439167
729,2025-12-30T17:34:48.087183+00:00,2025-12-30T17:37:15.736013+00:00,2,1,51.453860,3.720370,42.227460,-9.501483
730,2025-12-30T17:37:57.513880+00:00,2025-12-30T17:37:57.513880+00:00,1,1,44.704140,37.419273,44.619930,36.842903
731,2025-12-30T17:39:57.509283+00:00,2025-12-30T17:39:57.509283+00:00,1,1,44.619930,36.842903,45.413418,37.103367
732,2025-12-30T17:40:57.515274+00:00,2025-12-30T17:40:57.515274+00:00,1,1,45.413418,37.103367,44.709312,37.848272
733,2025-12-30T18:00:03.973962+00:00,2025-12-30T18:01:03.025436+00:00,2,1,52.837567,5.708245,58.080447,0.006913
734,2025-12-30T18:03:52.087272+00:00,2025-12-30T18:06:03.780837+00:00,2,1,53.344992,-6.195902,53.353363,-5.000530
735,2025-12-30T18:11:56.587498+00:00,2025-12-30T23:35:28.668152+00:00,4,1,56.102721,10.392263,56.153817,10.239433
736,2025-12-30T18:17:33.621023+00:00,2025-12-30T18:17:33.621023+00:00,1,1,44.315532,37.793780,44.716693,37.787860
737,2025-12-30T18:19:38.015177+00:00,2025-12-30T23:16:11.012732+00:00,4,2,33.630606,-118.195017,33.729507,-118.180562
738,2025-12-30T18:22:29.768347+00:00,2025-12-30T18:22:29.768347+00:00,1,1,37.941002,23.624412,37.257045,24.437672
739,2025-12-30T18:27:25.443812+00:00,2025-12-30T18:27:25.443812+00:00,1,1,37.257045,24.437672,36.445775,28.238393
740,2025-12-30T18:28:32.403794+00:00,2025-12-30T18:31:15.228336+00:00,2,1,51.453860,3.720377,50.010680,-1.789010
741,2025-12-30T18:29:22.848174+00:00,2025-12-30T18:29:22.848174+00:00,1,1,57.903297,0.006912,52.660418,5.598998
742,2025-12-30T18:33:23.932366+00:00,2025-12-30T18:34:23.914248+00:00,2,1,52.659404,5.597410,54.407032,0.006912
743,2025-12-30T18:52:42.256443+00:00,2025-12-30T18:53:27.763398+00:00,2,1,53.318265,6.944438,51.961565,4.139848
744,2025-12-30T19:07:08.774766+00:00,2025-12-30T19:07:37.600388+00:00,2,1,56.101408,10.391892,56.373967,11.308433
745,2025-12-30T19:19:06.819695+00:00,2025-12-30T19:20:26.660692+00:00,2,1,37.863343,23.611443,36.537937,27.310205
746,2025-12-30T19:21:33.653526+00:00,2025-12-30T19:23:50.818960+00:00,2,1,37.846532,23.611625,36.849142,27.380763
747,2025-12-30T19:33:49.080591+00:00,2025-12-30T19:33:49.080591+00:00,1,1,51.453848,3.720355,45.945895,-7.756548
748,2025-12-30T19:34:30.504647+00:00,2025-12-30T19:34:30.504647+00:00,1,1,45.945895,-7.756548,49.527670,-3.569798
749,2025-12-30T19:37:14.602057+00:00,2025-12-30T19:37:14.602057+00:00,1,1,49.527670,-3.569798,51.453852,3.720352
750,2025-12-30T19:53:14.688076+00:00,2025-12-30T19:53:24.429349+00:00,2,1,51.931213,4.112606,-4.874037,177.592117
751,2025-12-30T19:59:39.247368+00:00,2025-12-30T19:59:45.646442+00:00,2,1,51.947559,4.047920,52.954155,4.002530
752,2025-12-30T20:09:17.364221+00:00,2025-12-30T20:09:17.364221+00:00,1,1,35.949410,14.842455,51.396968,3.118642
753,2025-12-30T20:11:43.988624+00:00,2025-12-30T20:12:16.127812+00:00,2,1,51.246033,4.382074,51.977243,4.115337
754,2025-12-30T20:15:43.029465+00:00,2025-12-30T22:37:35.030382+00:00,10,1,39.444657,-0.022572,38.994180,-0.150220
755,2025-12-30T20:17:44.292281+00:00,2025-12-30T20:18:44.291529+00:00,2,1,52.376000,4.897319,-35.005333,0.006900
756,2025-12-30T20:21:47.158987+00:00,2025-12-30T20:23:13.130648+00:00,2,1,-37.816819,144.922496,-38.460092,144.567718
757,2025-12-30T20:28:27.576301+00:00,2025-12-30T20:28:43.346682+00:00,2,1,51.947023,4.053346,25.732675,0.396008
758,2025-12-30T20:36:31.264114+00:00,2025-12-30T20:37:31.293507+00:00,2,1,37.957767,23.393075,37.791050,23.393233
759,2025-12-30T20:37:17.530950+00:00,2025-12-30T20:37:17.530950+00:00,1,1,33.558965,-118.226735,33.660178,-118.189810
760,2025-12-30T20:55:59.365586+00:00,2025-12-31T00:06:23.839128+00:00,3,1,54.833969,19.953491,55.033194,19.643365
761,2025-12-30T21:02:23.424103+00:00,2025-12-30T21:02:23.424103+00:00,1,1,44.250192,37.856783,45.033963,40.863850
762,2025-12-30T21:09:25.616859+00:00,2025-12-30T21:09:25.616859+00:00,1,1,44.732048,37.756968,44.905210,38.043008
763,2025-12-30T21:42:01.319099+00:00,2025-12-30T21:43:44.511606+00:00,2,1,34.645343,33.009812,34.087903,33.574518
764,2025-12-30T21:46:13.416657+00:00,2025-12-30T21:46:13.416657+00:00,1,1,54.833952,19.953518,54.871898,19.809745
765,2025-12-30T21:50:20.984376+00:00,2025-12-30T21:50:39.776016+00:00,2,1,51.821947,4.130822,-40.802267,0.000062
766,2025-12-30T21:53:02.254673+00:00,2025-12-30T21:53:02.254673+00:00,1,1,44.644220,38.397318,44.717862,37.795698
767,2025-12-30T22:04:54.584707+00:00,2025-12-30T22:09:06.816249+00:00,2,1,37.913691,23.056109,37.346140,11.181127
768,2025-12-30T22:17:46.273238+00:00,2025-12-30T22:19:15.202296+00:00,2,1,51.453852,3.720369,40.666172,-8.963247
769,2025-12-30T22:30:32.442832+00:00,2025-12-30T22:32:45.363086+00:00,2,1,-3.520873,-38.802505,-12.479352,-36.216357
770,2025-12-30T22:38:09.327814+00:00,2025-12-30T22:38:09.327814+00:00,1,1,44.814748,37.811482,44.899240,38.066618
771,2025-12-30T22:39:31.903518+00:00,2025-12-30T22:41:47.110071+00:00,2,1,33.676119,-118.202057,33.572317,-118.239455
772,2025-12-30T22:46:22.421657+00:00,2025-12-30T22:46:22.421657+00:00,1,1,33.629515,-118.218890,33.521127,-118.258017
773,2025-12-30T22:47:06.738995+00:00,2025-12-30T22:50:46.148257+00:00,2,1,51.947475,4.047843,51.898692,4.365742
774,2025-12-30T22:47:29.044677+00:00,2025-12-30T22:47:29.044677+00:00,1,1,69.632670,16.312600,-18.961453,146.859198
775,2025-12-30T22:50:15.409058+00:00,2025-12-30T22:50:15.409058+00:00,1,1,-18.966132,146.861042,69.630153,16.264572
776,2025-12-30T22:50:39.977998+00:00,2025-12-30T22:51:11.345997+00:00,2,1,33.488752,-118.270473,33.589658,-118.233145
777,2025-12-30T22:57:58.049490+00:00,2025-12-30T22:58:58.056758+00:00,3,1,69.626041,16.186030,-18.994049,146.871507
778,2025-12-30T23:09:39.839010+00:00,2025-12-30T23:11:47.669553+00:00,2,1,59.420850,5.248300,57.203850,-1.864150
779,2025-12-30T23:13:56.137970+00:00,2025-12-30T23:16:15.495664+00:00,2,1,51.453850,3.720353,40.638460,-8.681690
780,2025-12-30T23:15:04.459715+00:00,2025-12-30T23:17:12.062512+00:00,2,1,-37.816812,144.922503,-34.679013,150.975880
781,2025-12-30T23:17:12.569850+00:00,2025-12-30T23:17:12.569850+00:00,1,1,33.635947,-118.186382,33.748068,-118.182198
782,2025-12-30T23:21:47.784703+00:00,2025-12-30T23:22:58.208489+00:00,2,1,51.451922,1.754985,51.451897,0.942643
783,2025-12-30T23:32:47.442108+00:00,2025-12-30T23:34:15.295145+00:00,2,1,51.453860,3.720353,48.295662,-5.958888
784,2025-12-30T23:36:15.879072+00:00,2025-12-30T23:38:06.017638+00:00,2,1,33.646095,-118.306364,33.566300,-118.380187
785,2025-12-30T23:45:59.945416+00:00,2025-12-30T23:45:59.945416+00:00,1,1,33.639393,-118.312208,33.514240,-118.431285
786,2025-12-31T00:16:57.204326+00:00,2025-12-31T00:26:26.801415+00:00,2,1,56.102742,10.392400,54.093450,7.402367
787,2025-12-31T00:22:39.655150+00:00,2025-12-31T00:37:14.142741+00:00,2,1,55.622203,20.497259,55.862888,20.650009
788,2025-12-31T00:30:20.962090+00:00,2025-12-31T00:31:26.420687+00:00,2,1,38.047793,-121.693710,38.021433,-121.808090
789,2025-12-31T00:32:31.425693+00:00,2025-12-31T00:33:38.326988+00:00,2,1,38.047793,-121.693710,38.021262,-121.816138
790,2025-12-31T00:35:45.365238+00:00,2025-12-31T00:37:15.281132+00:00,2,1,51.453853,3.720352,51.411352,3.438467
791,2025-12-31T00:43:12.428298+00:00,2025-12-31T00:43:12.428298+00:00,1,1,38.047793,-121.693710,38.027608,-121.844258
792,2025-12-31T00:43:18.669020+00:00,2025-12-31T00:44:28.419646+00:00,2,1,56.102067,10.392508,53.698017,8.337100
