cluster_id,first_time_utc,last_time_utc,event_count,distinct_mmsi,origin_center_lat,origin_center_lon,dest_center_lat,dest_center_lon
1,2025-12-22T10:46:11.760573+00:00,2025-12-22T18:29:10.911052+00:00,36,1,24.438437,-81.730986,26.086312,-80.116547
2,2025-12-22T10:47:23.732298+00:00,2025-12-22T10:47:23.732298+00:00,1,1,51.049182,2.560508,51.052540,1.590707
3,2025-12-22T10:48:33.098702+00:00,2025-12-22T10:49:07.733668+00:00,2,1,26.086312,-80.116547,24.682758,-80.448997
4,2025-12-22T10:48:43.346201+00:00,2025-12-23T19:29:42.787446+00:00,375,1,59.441774,24.767519,48.387682,-4.498470
5,2025-12-22T10:49:56.185811+00:00,2025-12-23T10:21:17.800272+00:00,492,1,51.849200,5.871133,51.816673,5.396453
6,2025-12-22T10:51:20.625835+00:00,2025-12-22T10:52:21.577835+00:00,2,1,1.273658,103.774150,1.218270,103.580825
7,2025-12-22T11:04:19.473094+00:00,2025-12-22T11:04:56.591488+00:00,2,1,44.234686,8.507157,36.082038,-4.337248
8,2025-12-22T11:05:34.454538+00:00,2025-12-22T13:00:20.907995+00:00,4,1,34.653329,33.020504,31.760533,34.319350
9,2025-12-22T11:17:58.446949+00:00,2025-12-23T04:00:09.029381+00:00,8,1,53.481697,-3.228956,53.347413,-6.192772
10,2025-12-22T11:18:13.997735+00:00,2025-12-22T11:18:13.997735+00:00,1,1,24.559047,-81.808575,26.096208,-80.032135
11,2025-12-22T11:18:18.865879+00:00,2025-12-22T11:20:40.796055+00:00,2,1,26.091441,-80.073158,25.548315,-79.847675
12,2025-12-22T11:21:46.269671+00:00,2025-12-22T11:23:30.725968+00:00,2,1,44.268358,8.448658,44.080867,8.543108
13,2025-12-22T11:34:36.352915+00:00,2025-12-22T11:35:30.746580+00:00,2,1,51.894925,4.449192,52.183967,4.231212
14,2025-12-22T11:35:48.905877+00:00,2025-12-22T11:39:20.253632+00:00,2,1,51.341878,3.215711,51.488665,0.888127
15,2025-12-22T11:43:38.447118+00:00,2025-12-23T18:31:30.947652+00:00,8,1,47.270683,-122.418302,37.749067,-122.342221
16,2025-12-22T11:44:33.046661+00:00,2025-12-22T11:46:10.260653+00:00,2,1,26.086312,-80.116547,25.191837,-79.882738
17,2025-12-22T11:57:00.945120+00:00,2025-12-22T11:57:20.058832+00:00,2,1,51.341881,3.215710,51.480792,1.382820
18,2025-12-22T11:57:12.033493+00:00,2025-12-22T11:59:11.244928+00:00,2,1,39.262818,-76.594977,37.477225,-76.099685
19,2025-12-22T11:57:42.650684+00:00,2025-12-22T11:57:47.629337+00:00,2,1,51.958787,5.653671,51.900010,4.470575
20,2025-12-22T11:58:31.566888+00:00,2025-12-22T16:47:03.246498+00:00,4,1,26.086312,-80.116547,24.515997,-81.001645
21,2025-12-22T11:59:21.337589+00:00,2025-12-22T12:00:21.490636+00:00,2,1,52.399763,4.900313,-29.738703,0.006900
22,2025-12-22T12:04:51.963744+00:00,2025-12-22T12:06:34.554477+00:00,2,1,26.032043,-80.064697,25.020200,-80.036898
23,2025-12-22T12:07:07.291612+00:00,2025-12-22T16:11:35.517081+00:00,14,1,25.680359,-79.909327,26.086312,-80.116547
24,2025-12-22T12:08:10.866228+00:00,2025-12-22T12:08:10.866228+00:00,1,1,51.341882,3.215705,51.530505,2.382072
25,2025-12-22T12:08:36.773453+00:00,2025-12-22T12:08:36.773453+00:00,1,1,51.530505,2.382072,51.461617,0.291130
26,2025-12-22T12:10:18.184799+00:00,2025-12-22T12:10:18.184799+00:00,1,1,26.086312,-80.116547,25.494195,-79.842783
27,2025-12-22T12:12:06.344344+00:00,2025-12-22T12:12:06.344344+00:00,1,1,25.494195,-79.842783,25.772040,-79.328017
28,2025-12-22T12:12:20.636960+00:00,2025-12-23T19:15:02.903091+00:00,27,1,51.485565,0.550155,51.341882,3.215708
29,2025-12-22T12:14:12.265526+00:00,2025-12-22T12:14:18.791694+00:00,2,1,39.262818,-76.594977,37.441237,-76.099870
30,2025-12-22T12:16:08.530163+00:00,2025-12-22T17:13:07.827400+00:00,7,1,25.710383,-79.347145,26.086312,-80.116547
31,2025-12-22T12:17:13.656081+00:00,2025-12-22T12:18:20.760385+00:00,2,1,51.341883,3.215712,51.566053,2.504462
32,2025-12-22T12:21:17.412765+00:00,2025-12-22T12:21:17.412765+00:00,1,1,56.308352,7.909002,56.148922,7.684423
33,2025-12-22T12:21:40.585511+00:00,2025-12-22T18:13:27.416126+00:00,6,1,28.471396,-16.241943,32.642112,-16.911588
34,2025-12-22T12:23:15.559973+00:00,2025-12-22T12:24:19.376423+00:00,2,1,34.655283,33.019850,33.356450,31.930517
35,2025-12-22T12:24:03.372663+00:00,2025-12-23T15:35:09.768705+00:00,36,1,47.270683,-122.418301,47.547098,-122.525324
36,2025-12-22T12:28:47.372085+00:00,2025-12-22T12:37:25.711354+00:00,2,1,1.273668,103.774124,1.360142,103.545938
37,2025-12-22T12:28:54.108713+00:00,2025-12-22T12:28:54.108713+00:00,1,1,26.086312,-80.116547,24.900353,-80.306530
38,2025-12-22T12:30:14.171030+00:00,2025-12-22T12:30:14.171030+00:00,1,1,24.900353,-80.306530,24.557172,-81.812742
39,2025-12-22T12:31:34.092888+00:00,2025-12-22T12:32:39.233533+00:00,2,1,52.358406,4.891254,51.879463,4.267853
40,2025-12-22T12:31:34.124572+00:00,2025-12-23T16:47:18.177994+00:00,6,1,47.316781,-122.436244,48.132050,-123.431200
41,2025-12-22T12:36:46.610396+00:00,2025-12-23T17:19:47.188073+00:00,6,1,51.961986,4.137383,51.883307,4.451767
42,2025-12-22T12:46:45.831774+00:00,2025-12-22T12:47:17.068967+00:00,2,1,28.471392,-16.241932,48.537843,-5.386533
43,2025-12-22T12:48:54.277488+00:00,2025-12-22T12:48:54.277488+00:00,1,1,24.938485,-80.114977,25.752550,-79.289275
44,2025-12-22T12:50:14.820198+00:00,2025-12-22T12:54:09.130296+00:00,2,1,39.262836,-76.594977,37.277953,-74.992970
45,2025-12-22T12:54:11.359019+00:00,2025-12-22T12:54:22.948203+00:00,2,1,34.655250,33.019817,34.932600,33.672350
46,2025-12-22T12:55:13.221518+00:00,2025-12-22T12:56:13.182495+00:00,2,1,51.890367,4.284133,5.890383,0.784133
47,2025-12-22T13:00:06.907779+00:00,2025-12-22T13:08:05.068219+00:00,2,1,56.153400,10.238783,57.475250,11.366583
48,2025-12-22T13:09:01.129799+00:00,2025-12-22T13:13:12.913519+00:00,2,1,44.261449,8.453964,36.153197,-5.424790
49,2025-12-22T13:15:32.959328+00:00,2025-12-23T08:02:11.411208+00:00,4,1,54.878638,11.004679,54.934846,10.834088
50,2025-12-22T13:19:49.784636+00:00,2025-12-22T13:20:05.454679+00:00,2,1,52.370992,4.957148,51.827025,4.557975
51,2025-12-22T13:20:26.874135+00:00,2025-12-22T13:26:05.772205+00:00,2,1,56.153400,10.238783,51.849900,1.581083
52,2025-12-22T13:22:19.170101+00:00,2025-12-22T18:18:24.515289+00:00,109,42,32.858897,34.980978,31.717067,35.999362
53,2025-12-22T13:23:12.876757+00:00,2025-12-22T13:23:12.876757+00:00,1,1,32.817842,35.016788,31.435718,33.980645
54,2025-12-22T13:23:52.224295+00:00,2025-12-22T13:24:43.063484+00:00,2,1,51.341884,3.215713,51.477523,1.334515
55,2025-12-22T13:23:55.356340+00:00,2025-12-22T13:23:55.356340+00:00,1,1,32.821938,35.009763,57.720305,18.290188
56,2025-12-22T13:26:41.213940+00:00,2025-12-22T13:26:41.213940+00:00,1,1,31.426275,33.982227,31.715722,36.002565
57,2025-12-22T13:26:47.299508+00:00,2025-12-22T13:26:47.299508+00:00,1,1,34.655233,33.019817,31.746650,34.436323
58,2025-12-22T13:27:20.902512+00:00,2025-12-22T13:27:20.902512+00:00,1,1,32.818668,35.006322,31.728708,35.998890
59,2025-12-22T13:27:53.107865+00:00,2025-12-22T13:27:53.107865+00:00,1,1,31.746650,34.436323,33.073150,31.599833
60,2025-12-22T13:28:21.008794+00:00,2025-12-22T13:28:21.008794+00:00,1,1,57.720305,18.290188,56.938453,17.695445
61,2025-12-22T13:29:10.952479+00:00,2025-12-22T14:36:20.759979+00:00,8,1,33.057358,31.579996,34.655231,33.019813
62,2025-12-22T13:32:21.201613+00:00,2025-12-22T13:32:21.201613+00:00,1,1,56.917112,17.642253,56.984533,16.904052
63,2025-12-22T13:34:08.647218+00:00,2025-12-22T13:34:08.647218+00:00,1,1,31.717088,35.999370,31.444485,36.077058
64,2025-12-22T13:34:32.368299+00:00,2025-12-22T13:34:32.368299+00:00,1,1,31.717118,35.999348,31.094200,36.346658
65,2025-12-22T13:35:08.612179+00:00,2025-12-22T13:35:08.612179+00:00,1,1,31.397887,36.086740,32.856465,35.012768
66,2025-12-22T13:35:11.139161+00:00,2025-12-22T13:35:11.139161+00:00,1,1,31.713758,36.002282,30.916442,36.559158
67,2025-12-22T13:36:32.444002+00:00,2025-12-22T13:41:51.860275+00:00,2,2,31.005321,36.452908,32.818342,35.014963
68,2025-12-22T13:36:32.629321+00:00,2025-12-22T13:36:32.629321+00:00,1,1,31.717085,35.999347,33.319430,37.070593
69,2025-12-22T13:37:30.157546+00:00,2025-12-22T13:37:30.157546+00:00,1,1,56.984533,16.904052,32.821817,35.009742
70,2025-12-22T13:37:59.360697+00:00,2025-12-23T09:12:00.764426+00:00,4,1,55.685765,12.630507,63.845147,23.017273
71,2025-12-22T13:42:29.460421+00:00,2025-12-22T13:42:29.460421+00:00,1,1,33.452342,37.106818,32.823128,35.020482
72,2025-12-22T13:48:08.698012+00:00,2025-12-22T13:49:02.487439+00:00,2,1,55.651582,21.159073,55.150795,12.882567
73,2025-12-22T13:49:53.367258+00:00,2025-12-22T13:51:21.845865+00:00,2,1,34.659925,33.042958,31.383650,30.077200
74,2025-12-22T13:50:11.139161+00:00,2025-12-22T13:50:11.139161+00:00,1,1,50.181967,-1.684933,51.801417,1.875383
75,2025-12-22T14:00:13.804054+00:00,2025-12-22T14:00:13.804054+00:00,1,1,33.073217,31.599900,34.647117,33.022667
76,2025-12-22T14:07:55.695167+00:00,2025-12-22T14:09:19.825457+00:00,2,1,34.655242,33.019800,33.705283,32.351150
77,2025-12-22T14:19:05.466886+00:00,2025-12-22T14:22:58.373769+00:00,2,1,53.401310,-3.010327,53.524105,-3.122467
78,2025-12-22T14:23:25.535062+00:00,2025-12-22T14:23:25.535062+00:00,1,1,52.456902,5.821925,51.585248,7.404793
79,2025-12-22T14:23:32.511378+00:00,2025-12-22T14:24:17.602397+00:00,2,1,55.651583,21.159019,55.259082,13.038955
80,2025-12-22T14:26:38.731241+00:00,2025-12-22T14:26:51.455553+00:00,2,1,55.685762,12.630516,59.448688,23.525447
81,2025-12-22T14:27:19.629750+00:00,2025-12-22T14:27:26.378660+00:00,2,1,53.364975,4.510983,51.952900,3.999233
82,2025-12-22T14:30:13.491924+00:00,2025-12-22T14:30:22.146322+00:00,2,1,34.655217,33.019817,34.677233,33.509617
83,2025-12-22T14:31:25.245641+00:00,2025-12-22T14:36:09.138817+00:00,2,1,39.262818,-76.594977,39.066590,-71.460560
84,2025-12-22T14:37:43.828251+00:00,2025-12-22T14:39:32.478782+00:00,2,1,47.270683,-122.418300,48.605233,-126.404117
85,2025-12-22T14:40:45.356310+00:00,2025-12-22T14:45:09.980087+00:00,2,1,39.262817,-76.594978,41.347072,-67.205953
86,2025-12-22T14:45:10.935707+00:00,2025-12-22T14:46:56.343940+00:00,2,1,34.645295,33.010806,34.513028,33.258747
87,2025-12-22T14:48:10.714146+00:00,2025-12-22T23:55:25.941659+00:00,27,6,44.814246,37.826185,44.895480,38.061761
88,2025-12-22T14:48:44.251679+00:00,2025-12-23T17:15:03.628377+00:00,18,8,44.721833,37.791035,44.895875,38.061331
89,2025-12-22T14:48:55.267565+00:00,2025-12-23T19:25:19.491053+00:00,30,7,44.740596,37.897859,44.515622,38.014132
90,2025-12-22T14:52:35.944731+00:00,2025-12-23T19:29:04.170378+00:00,91,14,44.784691,37.919912,45.165208,37.880215
91,2025-12-22T14:53:09.282572+00:00,2025-12-22T14:53:51.191891+00:00,2,1,55.685762,12.630513,58.582010,20.887787
92,2025-12-22T14:54:11.568032+00:00,2025-12-23T19:27:19.444041+00:00,43,7,44.708397,37.878604,44.642308,38.390160
93,2025-12-22T14:56:12.257295+00:00,2025-12-22T14:57:31.282148+00:00,2,1,51.503450,0.497333,51.842200,1.937833
94,2025-12-22T14:56:47.653256+00:00,2025-12-22T14:56:47.653256+00:00,1,1,44.554383,38.226882,44.731890,37.793240
95,2025-12-22T15:01:22.696471+00:00,2025-12-22T15:02:22.830733+00:00,2,1,54.435650,18.657575,54.102333,18.650000
96,2025-12-22T15:05:58.146437+00:00,2025-12-22T15:08:49.614473+00:00,2,1,55.685758,12.630511,56.996970,18.805543
97,2025-12-22T15:10:03.858002+00:00,2025-12-22T15:13:19.527884+00:00,2,1,47.270683,-122.418300,14.820500,120.211200
98,2025-12-22T15:10:57.435295+00:00,2025-12-23T17:18:11.153440+00:00,12,5,44.531777,37.992121,44.643744,38.394081
99,2025-12-22T15:17:50.895880+00:00,2025-12-23T03:29:05.526970+00:00,12,6,45.166292,37.879310,44.726304,37.775233
100,2025-12-22T15:18:21.677330+00:00,2025-12-22T15:38:20.551296+00:00,2,1,59.374563,18.683211,-52.480345,17.590943
101,2025-12-22T15:21:29.182990+00:00,2025-12-23T17:46:09.766163+00:00,13,4,44.666489,37.872259,44.677073,37.881163
102,2025-12-22T15:32:48.513835+00:00,2025-12-22T15:34:20.986289+00:00,2,1,52.521887,6.076255,52.544047,5.443245
103,2025-12-22T15:36:40.979041+00:00,2025-12-22T15:39:10.535149+00:00,2,1,39.262817,-76.594978,38.808048,-76.418317
104,2025-12-22T15:37:25.198119+00:00,2025-12-23T17:20:38.192880+00:00,5,3,44.539179,37.966677,44.728607,37.774482
105,2025-12-22T15:42:50.457319+00:00,2025-12-22T15:44:01.908002+00:00,2,1,26.086312,-80.116547,24.517795,-80.996998
106,2025-12-22T15:43:22.703107+00:00,2025-12-22T15:43:31.607252+00:00,2,1,53.590268,8.154043,54.515967,10.362460
107,2025-12-22T15:43:41.824508+00:00,2025-12-22T15:44:30.838852+00:00,2,1,44.268367,8.448658,35.896802,-8.976650
108,2025-12-22T15:48:32.830219+00:00,2025-12-22T15:53:38.705412+00:00,2,1,51.418172,6.156403,51.457915,4.021762
109,2025-12-22T15:55:58.299418+00:00,2025-12-22T15:56:44.437266+00:00,2,1,53.401312,-3.010335,53.485467,-3.082057
110,2025-12-22T15:56:43.184398+00:00,2025-12-22T15:56:49.713346+00:00,2,2,44.716267,37.791404,44.804537,37.838313
111,2025-12-22T15:59:09.645814+00:00,2025-12-22T15:59:21.164728+00:00,2,1,51.503433,0.497333,51.483433,0.962450
112,2025-12-22T16:12:56.898742+00:00,2025-12-22T16:12:56.898742+00:00,1,1,25.834447,-80.006653,24.340310,-81.593567
113,2025-12-22T16:13:52.400889+00:00,2025-12-22T16:14:52.451729+00:00,2,1,52.438658,5.197723,54.060443,5.197633
114,2025-12-22T16:17:48.088705+00:00,2025-12-22T16:23:38.930064+00:00,2,1,44.268367,8.448650,35.900440,-8.957653
115,2025-12-22T16:18:52.647333+00:00,2025-12-22T16:19:44.467625+00:00,2,1,57.865237,19.058947,59.719080,19.069793
116,2025-12-22T16:22:38.398964+00:00,2025-12-22T16:23:35.763602+00:00,2,1,53.236492,6.208172,52.375565,4.955223
117,2025-12-22T16:27:38.848044+00:00,2025-12-22T16:28:07.644250+00:00,2,1,59.014857,10.545432,53.583290,9.619690
118,2025-12-22T16:41:41.036015+00:00,2025-12-22T16:41:41.036015+00:00,1,1,47.884512,17.538928,51.879473,4.445815
119,2025-12-22T16:42:23.709028+00:00,2025-12-22T16:43:54.750172+00:00,2,1,34.645294,33.010756,33.209977,34.284722
120,2025-12-22T16:44:15.117408+00:00,2025-12-22T16:44:15.117408+00:00,1,1,33.616163,-118.188275,33.708328,-118.180087
121,2025-12-22T16:48:50.434934+00:00,2025-12-22T16:49:29.888617+00:00,2,1,53.590283,8.154000,53.994965,8.333153
122,2025-12-22T16:49:52.374247+00:00,2025-12-22T16:49:52.374247+00:00,1,1,47.270683,-122.418300,21.362783,-157.948383
123,2025-12-22T16:51:06.527425+00:00,2025-12-22T16:51:52.902308+00:00,2,1,51.376070,1.849549,51.376718,1.420602
124,2025-12-22T17:00:22.107177+00:00,2025-12-22T17:01:30.142181+00:00,2,1,53.590283,8.154042,53.890913,9.138785
125,2025-12-22T17:06:23.318959+00:00,2025-12-22T17:06:23.318959+00:00,1,1,51.702887,4.867135,52.697933,5.290805
126,2025-12-22T17:07:12.362203+00:00,2025-12-22T17:07:48.122744+00:00,2,1,51.884348,4.431874,50.657792,4.834573
127,2025-12-22T17:13:41.203036+00:00,2025-12-22T17:17:27.118529+00:00,2,1,51.814846,5.244446,52.383900,4.945843
128,2025-12-22T17:16:54.650457+00:00,2025-12-22T17:16:54.650457+00:00,1,1,25.752550,-79.289292,24.471922,-81.801528
129,2025-12-22T17:19:32.935510+00:00,2025-12-22T17:19:32.935510+00:00,1,1,24.471922,-81.801528,24.375215,-81.151977
130,2025-12-22T17:20:03.310835+00:00,2025-12-22T18:05:03.673379+00:00,3,1,24.377384,-81.143029,26.086312,-80.116547
131,2025-12-22T17:21:53.692788+00:00,2025-12-22T17:23:13.642305+00:00,2,1,47.270692,-122.418300,37.815433,-122.483500
132,2025-12-22T17:30:14.594423+00:00,2025-12-23T12:23:56.834587+00:00,8,3,52.451669,4.955620,51.883635,4.453658
133,2025-12-22T17:35:11.188188+00:00,2025-12-22T17:36:07.082095+00:00,2,1,54.121525,11.178942,56.159783,14.816783
134,2025-12-22T17:36:39.388618+00:00,2025-12-22T17:36:53.407553+00:00,2,1,43.348653,5.311583,43.146980,5.387478
135,2025-12-22T17:39:06.008406+00:00,2025-12-23T02:06:21.715374+00:00,4,2,59.630495,18.830310,59.649513,18.936622
136,2025-12-22T17:40:30.834037+00:00,2025-12-22T17:41:28.519977+00:00,2,1,33.558132,-118.286558,33.650478,-118.266658
137,2025-12-22T17:41:52.714498+00:00,2025-12-22T17:41:52.714498+00:00,1,1,33.554470,-118.287167,33.644617,-118.267987
138,2025-12-22T17:45:08.609177+00:00,2025-12-22T17:47:03.395423+00:00,2,1,26.086312,-80.116547,24.703490,-80.536078
139,2025-12-22T17:45:24.354657+00:00,2025-12-22T17:46:30.810581+00:00,2,1,53.590283,8.154042,55.079112,14.054792
140,2025-12-22T17:45:40.310767+00:00,2025-12-22T17:45:40.310767+00:00,1,1,33.626448,-118.272727,33.523805,-118.292982
141,2025-12-22T17:46:13.659030+00:00,2025-12-22T17:49:42.101811+00:00,2,1,51.889957,4.457461,52.699238,5.283025
142,2025-12-22T17:47:05.425508+00:00,2025-12-22T17:48:05.696343+00:00,2,1,51.509650,1.502800,48.263267,-11.216333
143,2025-12-22T17:47:22.485848+00:00,2025-12-22T17:47:31.022860+00:00,2,1,44.268375,8.448658,41.669983,5.075372
144,2025-12-22T17:49:40.618041+00:00,2025-12-22T17:49:40.618041+00:00,1,1,32.826708,34.993618,32.338310,34.947423
145,2025-12-22T17:50:20.391019+00:00,2025-12-22T17:50:20.391019+00:00,1,1,32.338310,34.947423,31.846282,35.345522
146,2025-12-22T17:51:40.599690+00:00,2025-12-22T17:51:40.599690+00:00,1,1,31.864467,35.329240,31.888098,35.514267
147,2025-12-22T17:51:46.066968+00:00,2025-12-22T18:02:33.662611+00:00,4,1,34.527725,32.964962,34.665192,33.065950
148,2025-12-22T17:53:20.362243+00:00,2025-12-22T17:53:20.362243+00:00,1,1,31.906663,35.601002,31.856145,35.424205
149,2025-12-22T17:54:53.834780+00:00,2025-12-22T17:54:53.834780+00:00,1,1,31.717100,35.999352,31.697412,36.599985
150,2025-12-22T17:55:29.729377+00:00,2025-12-22T17:55:29.729377+00:00,1,1,31.856145,35.424205,32.826820,34.993407
151,2025-12-22T17:56:07.646929+00:00,2025-12-22T17:56:07.646929+00:00,1,1,31.697412,36.599985,32.822268,35.022507
152,2025-12-22T17:58:18.321917+00:00,2025-12-22T17:58:18.321917+00:00,1,1,45.077518,37.974205,44.650683,38.383040
153,2025-12-22T17:59:21.952198+00:00,2025-12-22T18:00:32.793367+00:00,2,1,52.331345,5.070197,17.419765,0.701113
154,2025-12-22T18:01:50.450138+00:00,2025-12-22T18:02:50.451046+00:00,2,1,32.810322,35.028038,32.892423,35.456917
155,2025-12-22T18:03:56.609377+00:00,2025-12-22T18:03:56.609377+00:00,1,1,33.568573,-118.284690,33.388193,-118.311682
156,2025-12-22T18:11:14.834836+00:00,2025-12-23T17:50:48.864409+00:00,4,3,44.260706,37.844493,44.704915,37.848443
157,2025-12-22T18:14:12.265701+00:00,2025-12-22T18:14:12.265701+00:00,1,1,26.086312,-80.116547,24.883130,-80.305710
158,2025-12-22T18:14:48.684934+00:00,2025-12-22T18:24:09.832098+00:00,2,1,39.262821,-76.594976,37.586150,-76.125657
159,2025-12-22T18:17:02.976107+00:00,2025-12-22T18:17:02.976107+00:00,1,1,24.883130,-80.305710,24.301245,-81.654255
160,2025-12-22T18:19:28.929235+00:00,2025-12-22T18:19:38.731422+00:00,2,1,33.645803,-118.204956,33.738160,-118.175880
161,2025-12-22T18:20:14.535088+00:00,2025-12-22T18:20:50.789302+00:00,2,1,55.685762,12.630510,58.696413,18.245128
162,2025-12-22T18:20:58.702737+00:00,2025-12-22T18:20:58.702737+00:00,1,1,33.634308,-118.208593,33.732968,-118.179515
163,2025-12-22T18:21:37.752056+00:00,2025-12-22T18:23:39.976016+00:00,2,1,51.334867,2.530367,49.179217,-4.551400
164,2025-12-22T18:23:07.037979+00:00,2025-12-22T18:23:07.037979+00:00,1,1,47.270683,-122.418300,20.893850,-159.198317
165,2025-12-22T18:23:27.691874+00:00,2025-12-22T18:23:31.713049+00:00,2,1,44.268375,8.448625,35.497068,-11.559817
166,2025-12-22T18:23:33.282502+00:00,2025-12-22T18:24:07.041138+00:00,2,1,52.180862,4.180249,52.319440,3.899770
167,2025-12-22T23:48:17.715772+00:00,2025-12-22T23:48:17.715772+00:00,1,1,-27.169722,153.352400,-37.849303,144.927523
168,2025-12-22T23:52:59.264211+00:00,2025-12-23T19:21:17.149689+00:00,16,3,44.799796,37.832398,44.895951,38.063258
169,2025-12-23T00:00:48.171872+00:00,2025-12-23T00:31:21.626609+00:00,2,1,37.913694,23.056104,37.802335,23.675935
170,2025-12-23T00:01:41.547016+00:00,2025-12-23T00:01:41.547016+00:00,1,1,51.879473,4.445815,47.666990,19.119498
171,2025-12-23T00:04:51.743832+00:00,2025-12-23T00:05:31.500970+00:00,2,1,44.268358,8.448633,41.637850,5.010633
172,2025-12-23T00:09:46.877866+00:00,2025-12-23T15:39:37.221627+00:00,6,1,-37.847508,144.930391,-33.861439,151.188022
173,2025-12-23T00:11:14.388935+00:00,2025-12-23T00:11:14.388935+00:00,1,1,44.772340,37.611290,44.927343,37.535468
174,2025-12-23T00:12:39.022515+00:00,2025-12-23T19:01:29.864062+00:00,28,1,-37.847126,144.930706,-37.073860,149.907199
175,2025-12-23T00:14:07.815404+00:00,2025-12-23T00:14:07.815404+00:00,1,1,47.270683,-122.418300,24.809483,147.301700
176,2025-12-23T00:18:27.450766+00:00,2025-12-23T00:18:50.025024+00:00,2,1,28.425324,-16.142944,28.427378,-15.961618
177,2025-12-23T00:27:40.527015+00:00,2025-12-23T01:36:50.651727+00:00,4,1,28.371624,-16.060196,28.471418,-16.241935
178,2025-12-23T00:28:15.948256+00:00,2025-12-23T00:28:15.948256+00:00,1,1,44.929237,37.523212,44.768948,37.690898
179,2025-12-23T00:29:58.884736+00:00,2025-12-23T00:30:05.633434+00:00,2,1,55.651553,21.159031,55.340172,13.140040
180,2025-12-23T00:30:27.980660+00:00,2025-12-23T00:31:10.055975+00:00,2,1,57.238972,11.604454,54.992772,11.030198
181,2025-12-23T00:37:36.937293+00:00,2025-12-23T00:39:27.354087+00:00,2,1,47.270683,-122.418300,29.284933,127.189100
182,2025-12-23T00:41:56.403696+00:00,2025-12-23T01:01:07.699124+00:00,2,1,59.542308,18.590736,54.237857,18.755302
183,2025-12-23T00:44:05.420391+00:00,2025-12-23T00:44:39.214298+00:00,2,1,29.728179,-93.870004,45.598975,-122.454147
184,2025-12-23T00:44:23.639123+00:00,2025-12-23T00:44:38.686360+00:00,2,1,51.957838,5.651332,52.532295,5.435815
185,2025-12-23T00:45:46.758744+00:00,2025-12-23T00:45:46.758744+00:00,1,1,44.799185,37.831147,44.892997,38.076228
186,2025-12-23T00:49:24.224445+00:00,2025-12-23T00:49:24.224445+00:00,1,1,54.816170,19.422107,54.802972,19.962285
187,2025-12-23T00:52:28.720645+00:00,2025-12-23T00:52:28.720645+00:00,1,1,33.741492,-118.180672,33.649147,-118.192700
188,2025-12-23T00:52:58.300212+00:00,2025-12-23T00:52:58.300212+00:00,1,1,54.798528,19.953637,54.825433,19.397542
189,2025-12-23T00:55:22.009520+00:00,2025-12-23T00:57:16.756573+00:00,2,1,51.833277,-8.327620,52.219058,3.344422
190,2025-12-23T00:55:49.092092+00:00,2025-12-23T00:55:49.092092+00:00,1,1,54.397117,18.695567,54.384250,19.136683
191,2025-12-23T00:56:49.070618+00:00,2025-12-23T00:57:18.296935+00:00,2,1,54.390300,18.915592,54.389100,19.627267
192,2025-12-23T01:03:45.931132+00:00,2025-12-23T01:03:45.931132+00:00,1,1,-37.847025,144.930792,-38.290047,144.642575
193,2025-12-23T01:06:37.728131+00:00,2025-12-23T01:06:37.728131+00:00,1,1,-38.290047,144.642575,-16.928440,145.780257
194,2025-12-23T01:06:38.043328+00:00,2025-12-23T08:48:38.366549+00:00,2,1,-16.928448,145.780258,-37.847025,144.930792
195,2025-12-23T01:06:38.296872+00:00,2025-12-23T01:07:21.024285+00:00,2,1,52.378110,4.935360,51.961388,18.117977
196,2025-12-23T01:07:30.330767+00:00,2025-12-23T01:08:50.997528+00:00,2,1,55.685768,12.630508,55.279453,12.823947
197,2025-12-23T01:07:46.808620+00:00,2025-12-23T01:09:38.028090+00:00,2,1,-37.847033,144.930792,-38.002540,149.224792
198,2025-12-23T01:09:00.892828+00:00,2025-12-23T19:25:09.445989+00:00,5,4,44.790914,38.024393,45.168696,37.885617
199,2025-12-23T01:09:58.065130+00:00,2025-12-23T01:10:58.138667+00:00,2,1,46.102171,-122.946206,46.238455,-123.429887
200,2025-12-23T01:13:18.250667+00:00,2025-12-23T12:32:25.081577+00:00,32,1,26.097505,-80.169998,28.661551,-89.551535
201,2025-12-23T01:14:07.546300+00:00,2025-12-23T01:14:07.546300+00:00,1,1,44.840168,38.197440,44.717468,37.797557
202,2025-12-23T01:16:22.085844+00:00,2025-12-23T01:17:32.260730+00:00,2,1,22.304010,114.123020,24.375467,118.153440
203,2025-12-23T01:18:56.708348+00:00,2025-12-23T01:20:45.841735+00:00,2,1,53.174555,5.437870,51.894672,4.412805
204,2025-12-23T01:25:17.441996+00:00,2025-12-23T01:26:31.416213+00:00,2,1,54.098202,12.105942,54.383708,11.310340
205,2025-12-23T01:28:32.739146+00:00,2025-12-23T01:30:27.262975+00:00,2,1,47.270683,-122.418308,27.567533,125.920017
206,2025-12-23T01:30:48.115642+00:00,2025-12-23T01:30:48.115642+00:00,1,1,51.043382,1.627253,51.045247,2.089335
207,2025-12-23T01:32:42.420266+00:00,2025-12-23T01:36:10.394508+00:00,2,1,39.262827,-76.594978,37.531457,-76.099290
208,2025-12-23T01:33:24.199732+00:00,2025-12-23T01:36:22.119678+00:00,2,1,52.456731,5.822160,66.437747,0.006915
209,2025-12-23T01:36:38.929208+00:00,2025-12-23T07:04:30.781952+00:00,4,1,52.509271,4.355529,52.300776,4.212113
210,2025-12-23T01:36:48.989815+00:00,2025-12-23T01:39:28.180570+00:00,2,1,47.270683,-122.418308,48.168233,-122.779400
211,2025-12-23T01:38:29.406073+00:00,2025-12-23T10:42:10.125553+00:00,4,1,39.262827,-76.594978,37.254271,-76.113939
212,2025-12-23T01:42:53.980658+00:00,2025-12-23T01:44:31.101399+00:00,2,1,44.268367,8.448650,41.135418,4.202460
213,2025-12-23T01:44:36.882555+00:00,2025-12-23T10:08:58.338510+00:00,8,1,51.464536,5.694076,51.898146,4.482748
214,2025-12-23T01:54:38.647098+00:00,2025-12-23T01:55:38.610820+00:00,2,1,52.377468,4.900106,-29.760985,0.006900
215,2025-12-23T01:56:38.109801+00:00,2025-12-23T01:57:27.893540+00:00,2,1,55.651556,21.159020,53.896267,14.256150
216,2025-12-23T02:05:20.145066+00:00,2025-12-23T02:05:20.145066+00:00,1,1,45.164613,37.879407,44.799282,37.143928
217,2025-12-23T02:13:59.877657+00:00,2025-12-23T02:14:50.170536+00:00,2,1,55.685762,12.630510,58.627285,16.295408
218,2025-12-23T02:20:37.180067+00:00,2025-12-23T02:21:18.353621+00:00,2,1,52.400612,4.888678,-54.204615,0.006900
219,2025-12-23T02:22:02.228123+00:00,2025-12-23T02:22:40.176805+00:00,2,1,53.878330,9.145340,53.799485,8.008940
220,2025-12-23T02:23:03.807539+00:00,2025-12-23T02:23:11.115003+00:00,2,1,33.633938,-118.206664,33.725858,-118.183745
221,2025-12-23T02:23:59.092627+00:00,2025-12-23T02:24:09.884151+00:00,2,1,39.262817,-76.594978,38.539238,-76.422395
222,2025-12-23T02:30:22.870277+00:00,2025-12-23T02:30:36.869205+00:00,2,1,37.946965,23.640293,37.105348,25.369688
223,2025-12-23T02:34:08.553107+00:00,2025-12-23T02:45:20.025817+00:00,3,2,44.747001,37.794801,44.887845,38.063651
224,2025-12-23T02:39:35.177014+00:00,2025-12-23T02:39:35.177014+00:00,1,1,53.615167,4.747617,53.622950,5.785233
225,2025-12-23T02:40:16.087778+00:00,2025-12-23T02:41:16.536292+00:00,2,1,37.946968,23.640293,36.387572,25.428658
226,2025-12-23T02:48:46.379454+00:00,2025-12-23T02:51:38.756172+00:00,2,1,-37.847025,144.930808,-38.012087,149.204022
227,2025-12-23T02:53:29.281757+00:00,2025-12-23T02:53:30.852096+00:00,2,1,54.098216,12.105927,54.165965,11.755517
228,2025-12-23T03:07:51.527597+00:00,2025-12-23T03:11:31.845403+00:00,2,1,44.268367,8.448642,35.904075,-5.490917
229,2025-12-23T03:13:12.832551+00:00,2025-12-23T03:14:21.075930+00:00,2,1,53.753097,9.405487,60.418062,26.917685
230,2025-12-23T03:15:05.297315+00:00,2025-12-23T03:16:48.566868+00:00,4,1,49.483932,0.153911,25.290592,55.281708
231,2025-12-23T03:20:49.058956+00:00,2025-12-23T03:24:48.292824+00:00,2,1,52.378900,4.896786,50.631267,3.586502
232,2025-12-23T03:23:14.413967+00:00,2025-12-23T03:23:18.706271+00:00,2,1,49.483983,0.154069,25.277550,55.267617
233,2025-12-23T03:28:20.025099+00:00,2025-12-23T03:29:31.587665+00:00,2,1,54.098201,12.105896,54.424833,14.264700
234,2025-12-23T03:29:11.089549+00:00,2025-12-23T03:30:27.865984+00:00,4,1,49.483916,0.153864,25.264717,55.273508
235,2025-12-23T03:36:17.402161+00:00,2025-12-23T19:24:58.681822+00:00,14,1,49.483968,0.153906,25.264490,55.284743
236,2025-12-23T03:37:53.407624+00:00,2025-12-23T03:38:00.879780+00:00,2,1,51.285602,1.820533,51.284313,1.611340
237,2025-12-23T03:39:45.768703+00:00,2025-12-23T03:40:45.795123+00:00,2,1,52.659394,5.596966,52.535338,5.435742
238,2025-12-23T03:40:58.652259+00:00,2025-12-23T04:05:41.975084+00:00,2,1,51.276956,3.838493,51.823500,4.915540
239,2025-12-23T03:41:22.988475+00:00,2025-12-23T03:45:10.180173+00:00,2,1,39.262833,-76.594978,37.255987,-76.119160
240,2025-12-23T03:43:25.137356+00:00,2025-12-23T03:45:18.125231+00:00,2,1,51.833287,-8.327613,50.151085,-6.017865
241,2025-12-23T03:45:41.698500+00:00,2025-12-23T03:50:06.706591+00:00,2,1,51.690847,4.571905,51.836033,4.496230
242,2025-12-23T03:46:18.949158+00:00,2025-12-23T03:49:32.985876+00:00,2,1,53.521153,9.898582,55.962678,12.014107
243,2025-12-23T04:02:01.207348+00:00,2025-12-23T04:06:26.922458+00:00,2,1,47.270683,-122.418308,27.543667,125.917933
244,2025-12-23T04:03:03.297876+00:00,2025-12-23T04:04:03.302754+00:00,2,1,52.560984,5.915734,35.084723,0.000090
245,2025-12-23T04:19:35.885482+00:00,2025-12-23T04:20:29.427626+00:00,2,1,58.999207,5.669649,52.660145,5.598295
246,2025-12-23T04:27:40.924813+00:00,2025-12-23T04:27:40.924813+00:00,1,1,28.721220,-15.022925,59.427557,10.657037
247,2025-12-23T04:28:42.244510+00:00,2025-12-23T04:29:42.234868+00:00,2,1,52.397517,4.881178,-68.188730,0.006900
248,2025-12-23T04:28:57.960595+00:00,2025-12-23T04:29:28.409313+00:00,2,1,53.175747,5.415077,52.403360,4.885165
249,2025-12-23T04:42:54.593979+00:00,2025-12-23T04:45:37.154747+00:00,2,1,-37.846950,144.930775,-38.055173,149.101112
250,2025-12-23T04:48:02.698392+00:00,2025-12-23T04:48:21.245279+00:00,2,1,57.598819,11.672455,54.906487,10.906708
251,2025-12-23T04:50:50.155249+00:00,2025-12-23T05:24:39.119987+00:00,2,1,37.410005,23.131450,0.616667,0.383333
252,2025-12-23T05:06:17.681359+00:00,2025-12-23T05:06:17.681359+00:00,1,1,51.962205,4.640562,51.170862,4.823810
253,2025-12-23T05:15:04.759546+00:00,2025-12-23T05:16:04.774656+00:00,2,1,52.854337,5.677670,-4.817345,0.006912
254,2025-12-23T05:19:58.330275+00:00,2025-12-23T05:20:31.447670+00:00,2,1,54.098232,12.105915,54.230777,11.630037
255,2025-12-23T05:29:14.031231+00:00,2025-12-23T05:30:43.721514+00:00,2,1,51.501933,0.484017,54.003333,8.247350
256,2025-12-23T05:33:46.708264+00:00,2025-12-23T05:35:32.164165+00:00,2,1,44.268358,8.448658,35.864167,-5.538183
257,2025-12-23T05:48:52.222091+00:00,2025-12-23T05:51:38.462166+00:00,2,1,-37.847058,144.930908,-38.805090,145.299390
258,2025-12-23T05:52:39.240265+00:00,2025-12-23T05:53:46.927137+00:00,2,1,47.127448,-2.421988,52.118092,-6.964122
259,2025-12-23T06:02:38.954579+00:00,2025-12-23T06:03:38.605834+00:00,2,1,51.894360,4.232992,52.628435,2.543408
260,2025-12-23T06:05:46.051681+00:00,2025-12-23T06:06:50.163124+00:00,2,1,51.476708,1.617350,52.224780,1.616967
261,2025-12-23T06:08:21.651474+00:00,2025-12-23T06:25:46.556807+00:00,3,1,44.746104,37.761953,44.678944,38.342816
262,2025-12-23T06:08:56.057870+00:00,2025-12-23T06:10:35.680382+00:00,2,1,29.707598,-95.044307,29.967745,-93.860083
263,2025-12-23T06:14:24.049762+00:00,2025-12-23T06:15:07.220242+00:00,2,1,51.894299,4.233033,58.682000,-3.006263
264,2025-12-23T06:16:33.690340+00:00,2025-12-23T06:16:33.690340+00:00,1,1,51.148425,5.883227,48.943513,2.276200
265,2025-12-23T06:29:34.388890+00:00,2025-12-23T06:30:37.263396+00:00,2,1,-37.847033,144.930783,-37.086817,149.917215
266,2025-12-23T06:36:41.127160+00:00,2025-12-23T13:27:58.618172+00:00,6,1,57.595427,11.643378,57.396297,21.580832
267,2025-12-23T06:38:17.386962+00:00,2025-12-23T06:38:29.794274+00:00,2,1,55.651605,21.158979,54.154658,12.099000
268,2025-12-23T06:41:07.465955+00:00,2025-12-23T06:43:18.059915+00:00,2,1,51.894284,4.233042,63.236940,-18.336192
269,2025-12-23T06:43:53.790793+00:00,2025-12-23T06:46:23.948670+00:00,2,1,51.498667,3.624896,51.807908,4.584798
270,2025-12-23T06:58:21.143517+00:00,2025-12-23T07:03:50.977161+00:00,2,1,51.619653,5.509056,-65.624270,65.899712
271,2025-12-23T06:58:31.811502+00:00,2025-12-23T06:58:36.444080+00:00,2,1,47.270700,-122.418317,24.520800,126.064017
272,2025-12-23T07:00:23.507505+00:00,2025-12-23T07:04:17.964784+00:00,2,1,51.894291,4.233046,54.185415,1.268032
273,2025-12-23T07:01:44.759011+00:00,2025-12-23T07:01:44.759011+00:00,1,1,51.819033,4.699382,52.517533,5.437338
274,2025-12-23T07:02:05.421942+00:00,2025-12-23T07:04:25.698284+00:00,2,1,51.929383,4.039853,52.398212,4.857067
275,2025-12-23T07:12:52.046435+00:00,2025-12-23T07:12:52.046435+00:00,1,1,53.530697,9.911945,54.360592,9.868080
276,2025-12-23T07:15:20.434506+00:00,2025-12-23T07:16:51.118699+00:00,2,1,55.685760,12.630504,55.295337,12.755297
277,2025-12-23T07:18:53.348086+00:00,2025-12-23T07:21:54.121720+00:00,2,1,53.530698,9.911963,53.936690,7.892342
278,2025-12-23T07:19:20.669156+00:00,2025-12-23T14:50:25.567101+00:00,4,1,51.894295,4.233043,60.063595,-7.855183
279,2025-12-23T07:21:02.716398+00:00,2025-12-23T07:21:02.716398+00:00,1,1,59.427557,10.657037,28.520080,-13.791827
280,2025-12-23T07:29:24.110548+00:00,2025-12-23T07:35:23.602393+00:00,2,1,52.695718,6.195641,52.700145,6.523297
281,2025-12-23T07:39:11.753111+00:00,2025-12-23T07:40:24.593824+00:00,2,1,57.597082,11.672335,57.400473,21.571318
282,2025-12-23T07:52:53.306194+00:00,2025-12-23T07:52:53.306194+00:00,1,1,51.368998,1.885637,52.105328,1.883148
283,2025-12-23T07:54:24.150419+00:00,2025-12-23T07:55:18.527703+00:00,2,1,51.894292,4.233041,63.389822,-19.511100
284,2025-12-23T07:55:49.441290+00:00,2025-12-23T07:55:59.278277+00:00,2,1,37.409997,23.131442,36.409997,22.131450
285,2025-12-23T07:56:24.594123+00:00,2025-12-23T08:01:05.556129+00:00,2,1,28.139563,-15.421527,59.508550,10.572547
286,2025-12-23T08:02:47.771336+00:00,2025-12-23T08:03:08.028692+00:00,2,1,59.719098,19.069213,59.626517,19.015317
287,2025-12-23T08:05:32.444797+00:00,2025-12-23T08:06:12.813138+00:00,2,1,37.851264,23.650871,36.615302,27.141123
288,2025-12-23T08:07:22.828853+00:00,2025-12-23T08:13:10.619810+00:00,2,1,28.139561,-15.421527,59.264218,4.688183
289,2025-12-23T08:08:22.274089+00:00,2025-12-23T08:10:24.192694+00:00,2,1,57.597156,11.672257,54.463212,12.164087
290,2025-12-23T08:10:47.681454+00:00,2025-12-23T08:12:17.872669+00:00,2,1,37.878187,23.632847,36.620688,27.209678
291,2025-12-23T08:13:41.811953+00:00,2025-12-23T08:15:06.101144+00:00,2,1,52.231167,3.029342,52.231750,1.973423
292,2025-12-23T08:18:17.048674+00:00,2025-12-23T08:19:23.847612+00:00,2,1,57.597297,11.672165,54.515208,12.193388
293,2025-12-23T08:24:59.793683+00:00,2025-12-23T10:50:50.668455+00:00,4,1,47.126560,-2.424794,45.385000,-6.690670
294,2025-12-23T08:28:09.804951+00:00,2025-12-23T08:28:48.699179+00:00,2,1,37.940799,23.632113,36.506330,26.140775
295,2025-12-23T08:34:52.895485+00:00,2025-12-23T08:34:52.895485+00:00,1,1,44.268383,8.448650,43.815307,8.292138
296,2025-12-23T08:36:41.240984+00:00,2025-12-23T08:38:21.390234+00:00,2,1,51.894292,4.233053,63.862815,-21.313962
297,2025-12-23T08:37:51.580606+00:00,2025-12-23T08:37:51.580606+00:00,1,1,43.815307,8.292138,36.085148,-6.717263
298,2025-12-23T08:38:47.943237+00:00,2025-12-23T08:40:22.453314+00:00,2,1,52.576562,5.867916,52.375952,4.897217
299,2025-12-23T08:39:15.858069+00:00,2025-12-23T15:05:24.836129+00:00,4,1,51.894296,4.233045,52.055020,3.706919
300,2025-12-23T08:39:19.098935+00:00,2025-12-23T08:40:06.594551+00:00,2,1,55.651579,21.159028,55.372183,13.152300
301,2025-12-23T08:40:11.672242+00:00,2025-12-23T08:41:09.787430+00:00,2,1,37.946995,23.640241,37.294153,26.763808
302,2025-12-23T08:40:32.631714+00:00,2025-12-23T08:41:32.611783+00:00,2,1,52.379211,4.896648,-36.749655,0.006900
303,2025-12-23T08:41:31.358943+00:00,2025-12-23T08:41:31.358943+00:00,1,1,36.085148,-6.717263,44.268367,8.448650
304,2025-12-23T08:43:48.317513+00:00,2025-12-23T08:45:09.251296+00:00,2,1,52.373143,4.909896,-10.541425,0.006900
305,2025-12-23T08:46:40.523026+00:00,2025-12-23T08:46:40.523026+00:00,1,1,-37.847025,144.930792,-37.064952,149.967190
306,2025-12-23T08:48:19.918336+00:00,2025-12-23T08:48:19.918336+00:00,1,1,-37.064952,149.967190,-16.928457,145.780258
307,2025-12-23T08:50:53.855125+00:00,2025-12-23T08:51:23.614555+00:00,2,1,47.270683,-122.418300,20.647367,-168.851233
308,2025-12-23T08:52:08.858079+00:00,2025-12-23T08:52:15.961671+00:00,2,1,51.346145,4.279612,51.777450,4.191453
309,2025-12-23T08:57:46.831309+00:00,2025-12-23T09:08:31.545180+00:00,2,1,44.268375,8.448650,35.911907,-5.522765
310,2025-12-23T08:59:15.380040+00:00,2025-12-23T08:59:22.634145+00:00,2,1,51.894291,4.233038,61.923307,-7.497880
311,2025-12-23T08:59:32.668811+00:00,2025-12-23T09:00:32.685845+00:00,2,1,30.059166,-93.535759,29.800180,-95.067313
312,2025-12-23T09:00:23.663693+00:00,2025-12-23T09:01:14.256652+00:00,2,1,51.833271,-8.327602,57.837112,10.689572
313,2025-12-23T09:01:16.234786+00:00,2025-12-23T09:01:16.234786+00:00,1,1,36.541760,15.123537,1.271575,104.137118
314,2025-12-23T09:04:21.272358+00:00,2025-12-23T09:04:21.272358+00:00,1,1,51.787398,4.638538,-73.833613,126.772925
315,2025-12-23T09:04:21.408671+00:00,2025-12-23T09:05:51.335252+00:00,2,1,51.285496,4.254018,-88.524473,21.731142
316,2025-12-23T09:15:00.754996+00:00,2025-12-23T09:17:21.274098+00:00,2,1,51.894292,4.233038,62.932458,-15.829425
317,2025-12-23T09:15:23.115548+00:00,2025-12-23T09:15:23.115548+00:00,1,1,9.162240,5.865073,59.162913,5.198433
318,2025-12-23T09:34:03.424162+00:00,2025-12-23T12:46:19.824208+00:00,6,1,37.946961,23.640279,36.899401,27.294829
319,2025-12-23T09:47:46.364176+00:00,2025-12-23T10:13:04.857179+00:00,2,1,28.139568,-15.421520,28.824958,-16.105172
320,2025-12-23T09:49:34.644223+00:00,2025-12-23T09:51:44.869890+00:00,2,1,26.097450,-80.170025,29.254572,-89.972278
321,2025-12-23T09:59:22.597352+00:00,2025-12-23T10:00:12.787650+00:00,2,1,57.500473,-1.777782,53.592200,0.042607
322,2025-12-23T09:59:31.586114+00:00,2025-12-23T10:00:50.657727+00:00,2,1,37.946961,23.640278,36.150815,29.591027
323,2025-12-23T10:00:13.059234+00:00,2025-12-23T10:02:11.690200+00:00,2,1,52.376534,4.898054,-35.004797,0.006900
324,2025-12-23T10:02:22.256005+00:00,2025-12-23T10:03:23.265743+00:00,2,1,57.500473,-1.777782,53.628585,-0.166857
325,2025-12-23T10:02:51.446774+00:00,2025-12-23T10:03:12.669767+00:00,2,1,52.382497,4.927327,52.020653,4.926843
326,2025-12-23T10:03:18.318176+00:00,2025-12-23T10:12:08.301074+00:00,2,1,53.377117,10.583785,52.657793,5.597228
327,2025-12-23T10:03:53.892483+00:00,2025-12-23T10:06:21.129998+00:00,2,1,37.946960,23.640278,36.907920,27.143660
328,2025-12-23T10:04:55.122282+00:00,2025-12-23T10:08:30.540778+00:00,2,1,54.098185,12.105929,54.195967,11.697022
329,2025-12-23T10:08:07.714112+00:00,2025-12-23T10:09:44.353293+00:00,2,1,44.268367,8.448633,44.115958,8.609042
330,2025-12-23T10:11:03.594727+00:00,2025-12-23T18:56:45.668246+00:00,4,1,47.270683,-122.418300,20.435450,-165.024200
331,2025-12-23T10:13:03.490839+00:00,2025-12-23T10:13:36.445717+00:00,2,1,53.204563,6.090853,52.398198,4.882632
332,2025-12-23T10:14:36.277889+00:00,2025-12-23T10:15:20.876550+00:00,2,1,37.946960,23.640280,36.891892,25.081982
333,2025-12-23T10:16:23.875722+00:00,2025-12-23T10:17:15.816685+00:00,2,1,53.346796,-6.192758,54.033900,-2.917332
334,2025-12-23T10:22:07.117490+00:00,2025-12-23T10:23:26.700078+00:00,2,1,29.420714,-94.726252,29.639870,-94.291352
335,2025-12-23T10:23:03.922663+00:00,2025-12-23T10:23:05.874070+00:00,2,1,56.153400,10.238792,56.241117,11.069850
336,2025-12-23T10:24:09.638982+00:00,2025-12-23T10:24:42.704705+00:00,2,1,57.500473,-1.777782,53.570680,0.083350
337,2025-12-23T10:24:26.357680+00:00,2025-12-23T10:25:36.245692+00:00,3,1,51.849181,5.871118,51.822232,5.406100
338,2025-12-23T10:28:36.727258+00:00,2025-12-23T19:25:27.471257+00:00,217,1,51.780895,5.666841,51.849196,5.871136
339,2025-12-23T10:31:54.888429+00:00,2025-12-23T10:47:49.192298+00:00,4,1,37.946960,23.640280,36.421052,27.391601
340,2025-12-23T10:32:21.994614+00:00,2025-12-23T11:45:29.518460+00:00,3,2,-7.045821,0.004624,52.373476,4.911313
341,2025-12-23T10:33:04.569021+00:00,2025-12-23T17:11:02.558175+00:00,2,2,44.716396,37.782926,44.799739,37.834396
342,2025-12-23T10:37:30.114798+00:00,2025-12-23T10:38:36.390081+00:00,2,1,37.946959,23.640280,36.897680,25.056502
343,2025-12-23T10:39:46.664329+00:00,2025-12-23T10:41:22.861507+00:00,2,1,57.597966,11.671956,54.851772,10.882103
344,2025-12-23T10:40:30.126350+00:00,2025-12-23T10:41:19.819078+00:00,2,1,54.405933,18.666067,0.083333,0.016667
345,2025-12-23T10:45:53.862976+00:00,2025-12-23T10:45:53.862976+00:00,1,1,51.726450,1.629523,51.009913,1.633220
346,2025-12-23T10:47:04.708935+00:00,2025-12-23T10:47:23.911870+00:00,2,1,52.435851,4.825562,52.654423,4.907480
347,2025-12-23T10:50:24.037868+00:00,2025-12-23T10:52:14.873401+00:00,2,1,53.412433,14.590317,51.297517,2.255767
348,2025-12-23T10:51:55.378578+00:00,2025-12-23T10:55:09.224828+00:00,2,1,51.894299,4.233038,62.733523,-14.209545
349,2025-12-23T10:55:57.075556+00:00,2025-12-23T10:57:00.035763+00:00,2,1,55.685755,12.630503,55.240137,13.842700
350,2025-12-23T10:56:17.770122+00:00,2025-12-23T10:57:21.914156+00:00,2,1,37.946958,23.640280,36.924558,27.219527
351,2025-12-23T10:58:21.179282+00:00,2025-12-23T10:59:21.127088+00:00,2,1,57.598185,11.671993,54.668577,12.385903
352,2025-12-23T11:00:39.511616+00:00,2025-12-23T11:01:14.994846+00:00,2,1,51.526365,4.220575,51.834825,4.436605
353,2025-12-23T11:01:22.844144+00:00,2025-12-23T11:03:21.052372+00:00,2,1,37.946958,23.640280,37.276663,26.754543
354,2025-12-23T11:04:02.832180+00:00,2025-12-23T11:05:23.006554+00:00,2,1,57.598165,11.671958,55.083115,14.080607
355,2025-12-23T11:09:19.278891+00:00,2025-12-23T11:09:51.957727+00:00,2,1,55.651548,21.159067,55.886197,16.423473
356,2025-12-23T11:09:46.721689+00:00,2025-12-23T11:10:36.434403+00:00,2,1,54.563213,11.561492,-34.565757,0.805722
357,2025-12-23T11:10:02.710649+00:00,2025-12-23T11:25:05.237514+00:00,2,1,28.139558,-15.421520,32.664318,-16.728010
358,2025-12-23T11:10:28.252138+00:00,2025-12-23T11:10:46.331068+00:00,2,1,44.268350,8.448642,44.082870,8.612758
359,2025-12-23T11:11:06.603350+00:00,2025-12-23T11:12:21.131028+00:00,2,1,37.946959,23.640280,36.449783,28.234635
360,2025-12-23T11:14:49.362577+00:00,2025-12-23T11:15:16.760725+00:00,2,1,53.346802,-6.192763,53.803810,-4.210415
361,2025-12-23T11:16:30.392633+00:00,2025-12-23T11:16:30.392633+00:00,1,1,39.716663,139.602045,41.476500,139.593917
362,2025-12-23T11:16:53.156432+00:00,2025-12-23T11:16:53.156432+00:00,1,1,56.422028,8.804025,56.269183,8.678402
363,2025-12-23T11:18:10.411283+00:00,2025-12-23T11:20:22.140174+00:00,2,1,57.598169,11.672015,55.913763,10.949755
364,2025-12-23T11:25:16.044607+00:00,2025-12-23T11:31:17.781408+00:00,2,1,52.372100,4.905543,-19.280630,0.027380
365,2025-12-23T11:28:08.061585+00:00,2025-12-23T15:38:07.691569+00:00,3,1,51.195185,4.335797,51.962171,4.640601
366,2025-12-23T11:31:02.192755+00:00,2025-12-23T11:35:08.034344+00:00,2,1,37.821656,23.696308,36.547863,26.356967
367,2025-12-23T11:32:56.350311+00:00,2025-12-23T11:43:08.012846+00:00,2,1,28.139557,-15.421523,28.299140,-15.937418
368,2025-12-23T11:33:41.047922+00:00,2025-12-23T11:33:53.738227+00:00,2,1,51.501917,0.484008,53.992083,8.320117
369,2025-12-23T11:37:18.810448+00:00,2025-12-23T11:37:18.810448+00:00,1,1,37.696353,23.752337,37.946958,23.640280
370,2025-12-23T11:37:23.728693+00:00,2025-12-23T11:38:23.050816+00:00,2,1,51.127830,1.835648,51.009650,1.835680
371,2025-12-23T11:39:04.375085+00:00,2025-12-23T11:41:20.758858+00:00,2,1,57.598642,11.672283,57.303492,21.068163
372,2025-12-23T11:42:41.131449+00:00,2025-12-23T11:43:11.340832+00:00,2,1,53.346798,-6.192756,53.814490,-4.164383
373,2025-12-23T11:57:39.876807+00:00,2025-12-23T11:58:39.649329+00:00,2,1,53.346799,-6.192762,53.635998,-4.933500
374,2025-12-23T12:06:45.238637+00:00,2025-12-23T19:03:23.672306+00:00,5,1,51.900540,4.229634,63.859885,-21.372165
375,2025-12-23T12:07:17.169043+00:00,2025-12-23T12:07:17.169043+00:00,1,1,63.859883,-21.372158,61.485900,-12.760993
376,2025-12-23T12:08:24.926700+00:00,2025-12-23T12:08:24.926700+00:00,1,1,61.485900,-12.760993,51.894292,4.233055
377,2025-12-23T12:12:42.108263+00:00,2025-12-23T12:23:27.131765+00:00,2,1,49.061316,-123.292082,49.306403,-123.108832
378,2025-12-23T12:15:38.071244+00:00,2025-12-23T12:18:08.248003+00:00,2,1,51.299500,2.236248,51.606980,2.231918
379,2025-12-23T12:15:44.251163+00:00,2025-12-23T12:16:44.169246+00:00,2,1,52.459213,5.044630,52.387908,4.890742
380,2025-12-23T12:21:27.235490+00:00,2025-12-23T12:24:19.348120+00:00,2,1,57.598590,11.672248,54.757662,12.762057
381,2025-12-23T12:27:22.337171+00:00,2025-12-23T12:28:19.849006+00:00,2,1,37.946958,23.640280,36.626595,27.845033
382,2025-12-23T12:33:16.695077+00:00,2025-12-23T12:33:49.450205+00:00,2,1,51.430058,3.583692,51.767683,3.288233
383,2025-12-23T12:36:19.838308+00:00,2025-12-23T12:37:08.983919+00:00,2,1,52.374309,4.901578,-26.268848,0.006900
384,2025-12-23T12:37:16.415831+00:00,2025-12-23T12:38:16.393592+00:00,2,1,57.502588,-1.772420,57.419132,-1.558999
385,2025-12-23T12:37:48.926165+00:00,2025-12-23T12:40:07.765249+00:00,2,1,53.346801,-6.192763,53.618387,-4.929898
386,2025-12-23T12:38:16.824191+00:00,2025-12-23T16:27:30.454125+00:00,4,1,51.894301,4.233039,60.044163,-7.794118
387,2025-12-23T12:38:21.468598+00:00,2025-12-23T12:39:21.667397+00:00,2,1,57.501412,-1.775874,57.609587,-1.706923
388,2025-12-23T12:50:30.571045+00:00,2025-12-23T12:51:22.080595+00:00,2,1,54.922000,10.875858,54.876067,11.028783
389,2025-12-23T12:51:04.817125+00:00,2025-12-23T12:51:44.113224+00:00,2,1,59.829768,19.577577,59.719085,19.069198
390,2025-12-23T12:52:38.637318+00:00,2025-12-23T12:52:54.365845+00:00,2,1,51.501917,0.484017,51.481350,0.948833
391,2025-12-23T12:57:05.185544+00:00,2025-12-23T12:58:01.376702+00:00,2,1,53.169885,5.412922,52.382098,4.903013
392,2025-12-23T13:01:52.174013+00:00,2025-12-23T13:02:19.099952+00:00,2,1,57.598476,11.674911,56.951530,11.790650
393,2025-12-23T13:12:02.216288+00:00,2025-12-23T13:12:58.832947+00:00,2,1,57.586289,11.660006,54.615342,12.243697
394,2025-12-23T13:21:47.698875+00:00,2025-12-23T13:23:24.472230+00:00,2,1,51.894297,4.233038,53.443295,1.803335
395,2025-12-23T13:24:17.116132+00:00,2025-12-23T13:24:24.930453+00:00,2,1,51.341882,3.215710,51.712545,2.239455
396,2025-12-23T13:37:41.913275+00:00,2025-12-23T13:38:24.638890+00:00,2,1,51.894298,4.233038,54.908763,0.701110
397,2025-12-23T13:42:11.284551+00:00,2025-12-23T13:45:04.353354+00:00,2,1,51.341886,3.215707,51.543198,2.746285
398,2025-12-23T13:43:12.980656+00:00,2025-12-23T13:44:21.811440+00:00,2,1,52.129639,2.615497,52.129367,1.550140
399,2025-12-23T13:45:37.384833+00:00,2025-12-23T14:19:54.225672+00:00,4,1,51.501917,0.484000,51.501067,0.654475
400,2025-12-23T13:56:45.681967+00:00,2025-12-23T13:56:45.681967+00:00,1,1,51.208692,2.063055,51.211918,3.201828
401,2025-12-23T13:57:38.238581+00:00,2025-12-23T13:58:42.848596+00:00,2,1,51.507967,1.504133,49.356633,-5.650233
402,2025-12-23T13:58:48.176043+00:00,2025-12-23T13:59:48.288749+00:00,2,1,51.691639,2.048605,51.691382,1.666105
403,2025-12-23T14:02:40.356799+00:00,2025-12-23T14:04:19.718435+00:00,2,1,55.685759,12.630511,55.309727,12.703648
404,2025-12-23T14:03:55.164815+00:00,2025-12-23T14:03:55.164815+00:00,1,1,-37.847092,144.930775,-37.083922,149.976027
405,2025-12-23T14:05:57.873868+00:00,2025-12-23T14:06:00.944322+00:00,2,1,51.462241,0.265975,51.769563,2.629350
406,2025-12-23T14:15:38.601952+00:00,2025-12-23T14:16:54.084169+00:00,2,1,51.501917,0.484000,51.489267,0.773717
407,2025-12-23T14:17:02.750274+00:00,2025-12-23T14:18:54.683617+00:00,2,1,53.530687,9.911962,53.701243,9.491348
408,2025-12-23T14:22:26.792111+00:00,2025-12-23T14:22:36.910073+00:00,2,1,51.917488,4.485422,52.376237,4.897550
409,2025-12-23T14:27:07.541804+00:00,2025-12-23T14:28:29.084729+00:00,2,1,51.558318,2.069055,51.558672,1.550008
410,2025-12-23T14:28:56.803636+00:00,2025-12-23T14:32:05.551900+00:00,2,1,56.153400,10.238783,57.799900,10.791717
411,2025-12-23T14:30:36.232000+00:00,2025-12-23T14:32:25.620022+00:00,2,1,51.894297,4.233038,63.357990,-19.320980
412,2025-12-23T14:44:35.416689+00:00,2025-12-23T14:46:52.909101+00:00,2,1,51.501967,0.484000,53.528750,9.918067
413,2025-12-23T14:45:33.040471+00:00,2025-12-23T14:46:08.388049+00:00,2,1,53.401312,-3.010320,53.343233,-6.147520
414,2025-12-23T14:50:11.569290+00:00,2025-12-23T14:51:29.302568+00:00,2,1,51.857046,6.091162,52.373567,4.956582
415,2025-12-23T14:53:05.005881+00:00,2025-12-23T14:54:08.306731+00:00,2,1,43.787608,7.599442,52.272973,116.429985
416,2025-12-23T15:05:36.374253+00:00,2025-12-23T15:05:36.374253+00:00,1,1,50.685377,1.924268,51.452258,1.921785
417,2025-12-23T15:07:13.352382+00:00,2025-12-23T15:07:23.129601+00:00,2,1,57.647367,9.915782,43.862757,-9.275323
418,2025-12-23T15:07:53.407294+00:00,2025-12-23T15:07:53.407294+00:00,1,1,51.203518,1.719222,51.201995,1.359170
419,2025-12-23T15:08:05.829397+00:00,2025-12-23T15:08:05.829397+00:00,1,1,55.696020,12.565908,55.877148,11.725320
420,2025-12-23T15:10:36.084526+00:00,2025-12-23T15:13:53.944871+00:00,2,1,51.501917,0.484008,53.565817,4.626250
421,2025-12-23T15:13:36.498190+00:00,2025-12-23T15:14:36.485792+00:00,2,1,51.333943,1.832288,51.333960,1.427013
422,2025-12-23T15:19:16.796279+00:00,2025-12-23T15:21:03.700187+00:00,2,1,51.341878,3.215703,51.664995,2.192075
423,2025-12-23T15:23:20.440187+00:00,2025-12-23T15:23:20.440187+00:00,1,1,-37.847042,144.930825,-12.472698,130.844953
424,2025-12-23T15:24:21.503201+00:00,2025-12-23T15:24:21.503201+00:00,1,1,-12.472698,130.844953,-37.073847,149.907177
425,2025-12-23T15:33:10.164108+00:00,2025-12-23T15:33:48.366762+00:00,2,1,57.492778,-1.784832,53.550072,0.167722
426,2025-12-23T15:41:15.874527+00:00,2025-12-23T15:41:34.068798+00:00,2,1,20.478201,-86.979192,18.731567,-87.686693
427,2025-12-23T15:46:41.754847+00:00,2025-12-23T15:47:12.867000+00:00,2,1,51.136100,1.591503,51.135850,1.331545
428,2025-12-23T15:50:25.494650+00:00,2025-12-23T15:50:50.474882+00:00,2,1,51.894288,4.233038,58.712188,-3.090347
429,2025-12-23T15:56:10.995591+00:00,2025-12-23T15:56:59.721375+00:00,2,1,48.876500,-123.298217,50.108302,-125.054657
430,2025-12-23T15:56:41.753320+00:00,2025-12-23T15:57:33.917858+00:00,2,1,51.224490,1.774933,51.225437,1.557248
431,2025-12-23T15:57:49.198123+00:00,2025-12-23T15:58:27.225488+00:00,2,1,51.369231,2.008322,51.368898,1.618755
432,2025-12-23T16:06:21.752852+00:00,2025-12-23T16:06:31.165629+00:00,2,1,51.894292,4.233054,59.764393,-6.804640
433,2025-12-23T16:06:57.231846+00:00,2025-12-23T16:07:11.082387+00:00,2,1,51.821512,4.993376,52.397767,4.886383
434,2025-12-23T16:33:48.157163+00:00,2025-12-23T16:36:19.056264+00:00,2,1,51.888607,4.418123,52.405590,4.868107
435,2025-12-23T16:38:39.914819+00:00,2025-12-23T16:40:19.856569+00:00,2,1,51.894294,4.233036,52.004522,3.966333
436,2025-12-23T16:39:53.747794+00:00,2025-12-23T16:41:16.392581+00:00,2,1,47.270683,-122.418300,32.559583,127.670700
437,2025-12-23T16:47:39.215586+00:00,2025-12-23T16:49:13.633965+00:00,2,1,44.268358,8.448658,41.867953,5.389103
438,2025-12-23T16:48:44.337553+00:00,2025-12-23T16:49:47.404561+00:00,2,1,52.795842,4.783201,52.611922,5.826317
439,2025-12-23T16:48:46.021499+00:00,2025-12-23T16:49:55.646000+00:00,2,1,51.825758,4.032292,-18.079310,0.000060
440,2025-12-23T16:50:48.757824+00:00,2025-12-23T16:51:21.238109+00:00,2,1,33.755531,-118.186987,33.652333,-118.204655
441,2025-12-23T16:56:38.769011+00:00,2025-12-23T16:58:40.074122+00:00,2,1,51.894308,4.233038,61.378050,-6.140380
442,2025-12-23T17:06:59.354679+00:00,2025-12-23T17:08:08.909257+00:00,2,1,51.175227,1.674883,51.175365,1.379065
443,2025-12-23T17:13:53.959704+00:00,2025-12-23T17:16:58.098509+00:00,2,1,44.302369,37.770353,44.513061,38.023278
444,2025-12-23T17:15:11.564793+00:00,2025-12-23T17:18:39.961826+00:00,2,1,47.270683,-122.418300,27.531417,125.916867
445,2025-12-23T17:18:02.278749+00:00,2025-12-23T17:18:02.278749+00:00,1,1,44.325813,37.891103,44.464600,37.905400
446,2025-12-23T17:22:52.799519+00:00,2025-12-23T17:24:50.506053+00:00,2,1,51.921650,4.499277,52.457923,5.254108
447,2025-12-23T17:29:55.148269+00:00,2025-12-23T17:29:55.148269+00:00,1,1,44.981827,38.059445,44.712552,37.866780
448,2025-12-23T17:30:18.253643+00:00,2025-12-23T17:31:16.817707+00:00,2,1,51.886837,4.435044,52.382805,4.938005
449,2025-12-23T17:39:32.677717+00:00,2025-12-23T18:56:03.435955+00:00,9,3,44.512611,37.826236,44.503337,37.604962
450,2025-12-23T17:43:26.199273+00:00,2025-12-23T17:43:26.199273+00:00,1,1,44.701827,37.840077,45.080412,37.083630
451,2025-12-23T17:49:40.246686+00:00,2025-12-23T17:49:40.246686+00:00,1,1,44.261142,37.853570,44.696173,37.857888
452,2025-12-23T17:50:43.906400+00:00,2025-12-23T17:52:23.215699+00:00,2,1,44.268383,8.448633,36.374128,-2.178015
453,2025-12-23T17:51:53.723103+00:00,2025-12-23T17:51:53.723103+00:00,1,1,29.668167,-93.949283,29.995950,-93.946133
454,2025-12-23T17:52:34.912007+00:00,2025-12-23T17:52:34.912007+00:00,1,1,-84.152782,33.771103,59.719093,19.069220
455,2025-12-23T17:58:58.129092+00:00,2025-12-23T18:01:47.119990+00:00,2,1,49.475252,-0.092653,53.371662,4.520613
456,2025-12-23T18:03:04.473680+00:00,2025-12-23T18:04:39.962719+00:00,2,1,51.894292,4.233037,59.342793,-4.287353
457,2025-12-23T18:09:04.391879+00:00,2025-12-23T19:22:15.229228+00:00,2,1,44.760568,37.932772,45.904663,37.822230
458,2025-12-23T18:17:18.064165+00:00,2025-12-23T18:18:31.153080+00:00,2,1,53.237285,6.209997,52.391723,4.885758
459,2025-12-23T18:22:39.769320+00:00,2025-12-23T18:23:39.109142+00:00,2,1,33.590660,-118.234602,33.694893,-118.194385
460,2025-12-23T18:28:46.553796+00:00,2025-12-23T18:31:15.017665+00:00,2,1,52.699241,5.289868,50.974868,6.978598
461,2025-12-23T18:30:59.614539+00:00,2025-12-23T18:34:14.261571+00:00,2,2,44.614142,37.730374,44.625917,37.803952
462,2025-12-23T18:31:42.009731+00:00,2025-12-23T18:34:31.209500+00:00,2,1,-37.847025,144.930792,-38.618990,148.516790
463,2025-12-23T18:34:21.189556+00:00,2025-12-23T18:37:14.780221+00:00,2,1,51.833272,-8.327608,50.132915,-3.468930
464,2025-12-23T18:42:22.483491+00:00,2025-12-23T18:42:22.483491+00:00,1,1,44.260727,37.845553,44.707838,37.872103
465,2025-12-23T18:45:52.572764+00:00,2025-12-23T18:48:59.382595+00:00,2,1,51.693562,4.575130,40.404197,-9.944830
466,2025-12-23T18:48:22.632391+00:00,2025-12-23T18:48:40.719832+00:00,2,1,53.344989,-6.195928,53.323827,-5.827197
467,2025-12-23T18:49:56.676471+00:00,2025-12-23T18:53:56.681811+00:00,2,1,44.604625,37.732090,44.452690,38.497307
468,2025-12-23T18:56:23.095553+00:00,2025-12-23T19:26:46.666260+00:00,5,1,47.304908,-2.114276,47.127437,-2.423689
469,2025-12-23T19:02:12.616646+00:00,2025-12-23T19:02:12.616646+00:00,1,1,44.501012,37.614723,44.700358,37.849762
470,2025-12-23T19:02:41.669800+00:00,2025-12-23T19:02:41.669800+00:00,1,1,53.521225,9.897435,53.617867,9.551912
471,2025-12-23T19:18:55.711151+00:00,2025-12-23T19:19:04.460402+00:00,2,1,52.399571,4.899899,-29.738875,13.967433
472,2025-12-23T19:19:17.404402+00:00,2025-12-23T19:19:17.404402+00:00,1,1,44.260485,37.846213,44.800032,37.830837
473,2025-12-23T19:29:38.508480+00:00,2025-12-23T19:29:38.508480+00:00,1,1,50.093802,14.420290,43.103530,14.472632
